0.000000 0.000000
0.020000 0.000000
0.040000 0.000000
0.060000 0.000000
0.080000 0.000000
0.100000 0.000000
0.120000 0.000000
0.140000 0.000000
0.160000 0.000000
0.180000 0.000000
0.200000 0.000000
0.220000 0.000000
0.240000 0.000000
0.260000 0.000000
0.280000 0.000000
0.300000 0.000000
0.320000 0.000000
0.340000 0.000000
0.360000 0.000000
0.380000 0.000000
0.400000 0.000000
0.420000 0.000000
0.440000 0.000000
0.460000 0.000000
0.480000 0.000000
0.500000 0.000000
0.520000 0.000000
0.540000 0.000000
0.560000 0.000000
0.580000 0.000000
0.600000 0.000000
0.620000 0.000000
0.640000 0.000000
0.660000 0.000000
0.680000 0.000000
0.700000 0.000000
0.720000 0.000000
0.740000 0.000000
0.760000 0.000000
0.780000 0.000000
0.800000 0.000000
0.820000 0.000000
0.840000 0.000000
0.860000 0.000000
0.880000 0.000000
0.900000 0.000000
0.920000 0.000000
0.940000 0.000000
0.960000 0.000000
0.980000 0.000000
1.000000 0.000000
1.020000 0.000000
1.040000 0.000000
1.060000 0.000000
1.080000 0.000000
1.100000 0.000000
1.120000 0.000000
1.140000 0.000000
1.160000 0.000000
1.180000 0.000000
1.200000 0.000000
1.220000 0.000000
1.240000 0.000000
1.260000 0.000000
1.280000 0.000000
1.300000 0.000000
1.320000 0.000000
1.340000 0.000000
1.360000 0.000000
1.380000 0.000000
1.400000 0.000000
1.420000 0.000000
1.440000 0.000000
1.460000 0.000000
1.480000 0.000000
1.500000 0.000000
1.520000 0.000000
1.540000 0.000000
1.560000 0.000000
1.580000 0.000000
1.600000 0.000000
1.620000 0.000000
1.640000 0.000000
1.660000 0.000000
1.680000 0.000000
1.700000 0.000000
1.720000 0.000000
1.740000 0.000000
1.760000 0.000000
1.780000 0.000000
1.800000 0.000000
1.820000 0.000000
1.840000 0.000000
1.860000 0.000000
1.880000 0.000000
1.900000 0.000000
1.920000 0.000000
1.940000 0.000000
1.960000 0.000000
1.980000 0.000000
2.000000 0.000000
2.020000 0.000000
2.040000 0.000000
2.060000 0.000000
2.080000 0.000000
2.100000 0.000000
2.120000 0.000000
2.140000 0.000000
2.160000 0.000000
2.180000 0.000000
2.200000 0.000000
2.220000 0.000000
2.240000 0.000000
2.260000 0.000000
2.280000 0.000000
2.300000 0.000000
2.320000 0.000000
2.340000 0.000000
2.360000 0.000000
2.380000 0.000000
2.400000 0.000000
2.420000 0.000000
2.440000 0.000000
2.460000 0.000000
2.480000 0.000000
2.500000 0.000000
2.520000 0.000000
2.540000 0.000000
2.560000 0.000000
2.580000 0.000000
2.600000 0.000000
2.620000 0.000000
2.640000 0.000000
2.660000 0.000000
2.680000 0.000000
2.700000 0.000000
2.720000 0.000000
2.740000 0.000000
2.760000 0.000000
2.780000 0.000000
2.800000 0.000000
2.820000 0.000000
2.840000 0.000000
2.860000 0.000000
2.880000 0.000000
2.900000 0.000000
2.920000 0.000000
2.940000 0.000000
2.960000 0.000000
2.980000 0.000000
3.000000 0.000000
3.020000 0.000000
3.040000 0.000000
3.060000 0.000000
3.080000 0.000000
3.100000 0.000000
3.120000 0.000000
3.140000 0.000000
3.160000 0.000000
3.180000 0.000000
3.200000 0.000000
3.220000 0.000000
3.240000 0.000000
3.260000 0.000000
3.280000 0.000000
3.300000 0.000000
3.320000 0.000000
3.340000 0.000000
3.360000 0.000000
3.380000 0.000000
3.400000 0.000000
3.420000 0.000000
3.440000 0.000000
3.460000 0.000000
3.480000 0.000000
3.500000 0.000000
3.520000 0.000000
3.540000 0.000000
3.560000 0.000000
3.580000 0.000000
3.600000 0.000000
3.620000 0.000000
3.640000 0.000000
3.660000 0.000000
3.680000 0.000000
3.700000 0.000000
3.720000 0.000000
3.740000 0.000000
3.760000 0.000000
3.780000 0.000000
3.800000 0.000000
3.820000 0.000000
3.840000 0.000000
3.860000 0.000000
3.880000 0.000000
3.900000 0.000000
3.920000 0.000000
3.940000 0.000000
3.960000 0.000000
3.980000 0.000000
4.000000 0.000000
4.020000 0.000000
4.040000 0.000000
4.060000 0.000000
4.080000 0.000000
4.100000 0.000000
4.120000 0.000000
4.140000 0.000000
4.160000 0.000000
4.180000 0.000000
4.200000 0.000000
4.220000 0.000000
4.240000 0.000000
4.260000 0.000000
4.280000 0.000000
4.300000 0.000000
4.320000 0.000000
4.340000 0.000000
4.360000 0.000000
4.380000 0.000000
4.400000 0.000000
4.420000 0.000000
4.440000 0.000000
4.460000 0.000000
4.480000 0.000000
4.500000 0.000000
4.520000 0.000000
4.540000 0.000000
4.560000 0.000000
4.580000 0.000000
4.600000 0.000000
4.620000 0.000000
4.640000 0.000000
4.660000 0.000000
4.680000 0.000000
4.700000 0.000000
4.720000 0.000000
4.740000 0.000000
4.760000 0.000000
4.780000 0.000000
4.800000 0.000000
4.820000 0.000000
4.840000 0.000000
4.860000 0.000000
4.880000 0.000000
4.900000 0.000000
4.920000 0.000000
4.940000 0.000000
4.960000 0.000000
4.980000 0.000000
5.000000 0.000000
5.020000 0.000000
5.040000 0.000000
5.060000 0.000000
5.080000 0.000000
5.100000 0.000000
5.120000 0.000000
5.140000 0.000000
5.160000 0.000000
5.180000 0.000000
5.200000 0.000000
5.220000 0.000000
5.240000 0.000000
5.260000 0.000000
5.280000 0.000000
5.300000 0.000000
5.320000 0.000000
5.340000 0.000000
5.360000 0.000000
5.380000 0.000000
5.400000 0.000000
5.420000 0.000000
5.440000 0.000000
5.460000 0.000000
5.480000 0.000000
5.500000 0.000000
5.520000 0.000000
5.540000 0.000000
5.560000 0.000000
5.580000 0.000000
5.600000 0.000000
5.620000 0.000000
5.640000 0.000000
5.660000 0.000000
5.680000 0.000000
5.700000 0.000000
5.720000 0.000000
5.740000 0.000000
5.760000 0.000000
5.780000 0.000000
5.800000 0.000000
5.820000 0.000000
5.840000 0.000000
5.860000 0.000000
5.880000 0.000000
5.900000 0.000000
5.920000 0.000000
5.940000 0.000000
5.960000 0.000000
5.980000 0.000000
6.000000 0.000000
6.020000 0.000000
6.040000 0.000000
6.060000 0.000000
6.080000 0.000000
6.100000 0.000000
6.120000 0.000000
6.140000 0.000000
6.160000 0.000000
6.180000 0.000000
6.200000 0.000000
6.220000 0.000000
6.240000 0.000000
6.260000 0.000000
6.280000 0.000000
6.300000 0.000000
6.320000 0.000000
6.340000 0.000000
6.360000 0.000000
6.380000 0.000000
6.400000 0.000000
6.420000 0.000000
6.440000 0.000000
6.460000 0.000000
6.480000 0.000000
6.500000 0.000000
6.520000 0.000000
6.540000 0.000000
6.560000 0.000000
6.580000 0.000000
6.600000 0.000000
6.620000 0.000000
6.640000 0.000000
6.660000 0.000000
6.680000 0.000000
6.700000 0.000000
6.720000 0.000000
6.740000 0.000000
6.760000 0.000000
6.780000 0.000000
6.800000 0.000000
6.820000 0.000000
6.840000 0.000000
6.860000 0.000000
6.880000 0.000000
6.900000 0.000000
6.920000 0.000000
6.940000 0.000000
6.960000 0.000000
6.980000 0.000000
7.000000 0.000000
7.020000 0.000000
7.040000 0.000000
7.060000 0.000000
7.080000 0.000000
7.100000 0.000000
7.120000 0.000000
7.140000 0.000000
7.160000 0.000000
7.180000 0.000000
7.200000 0.000000
7.220000 0.000000
7.240000 0.000000
7.260000 0.000000
7.280000 0.000000
7.300000 0.000000
7.320000 0.000000
7.340000 0.000000
7.360000 0.000000
7.380000 0.000000
7.400000 0.000000
7.420000 0.000000
7.440000 0.000000
7.460000 0.000000
7.480000 0.000000
7.500000 0.000000
7.520000 0.000000
7.540000 0.000000
7.560000 0.000000
7.580000 0.000000
7.600000 0.000000
7.620000 0.000000
7.640000 0.000000
7.660000 0.000000
7.680000 0.000000
7.700000 0.000000
7.720000 0.000000
7.740000 0.000000
7.760000 0.000000
7.780000 0.000000
7.800000 0.000000
7.820000 0.000000
7.840000 0.000000
7.860000 0.000000
7.880000 0.000000
7.900000 0.000000
7.920000 0.000000
7.940000 0.000000
7.960000 0.000000
7.980000 0.000000
8.000000 0.000000
8.020000 0.000000
8.040000 0.000000
8.060000 0.000000
8.080000 0.000000
8.100000 0.000000
8.120000 0.000000
8.140000 0.000000
8.160000 0.000000
8.180000 0.000000
8.200000 0.000000
8.220000 0.000000
8.240000 0.000000
8.260000 0.000000
8.280000 0.000000
8.300000 0.000000
8.320000 0.000000
8.340000 0.000000
8.360000 0.000000
8.380000 0.000000
8.400000 0.000000
8.420000 0.000000
8.440000 0.000000
8.460000 0.000000
8.480000 0.000000
8.500000 0.000000
8.520000 0.000000
8.540000 0.000000
8.560000 0.000000
8.580000 0.000000
8.600000 0.000000
8.620000 0.000000
8.640000 0.000000
8.660000 0.000000
8.680000 0.000000
8.700000 0.000000
8.720000 0.000000
8.740000 0.000000
8.760000 0.000000
8.780000 0.000000
8.800000 0.000000
8.820000 0.000000
8.840000 0.000000
8.860000 0.000000
8.880000 0.000000
8.900000 0.000000
8.920000 0.000000
8.940000 0.000000
8.960000 0.000000
8.980000 0.000000
9.000000 0.000000
9.020000 0.000000
9.040000 0.000000
9.060000 0.000000
9.080000 0.000000
9.100000 0.000000
9.120000 0.000000
9.140000 0.000000
9.160000 0.000000
9.180000 0.000000
9.200000 0.000000
9.220000 0.000000
9.240000 0.000000
9.260000 0.000000
9.280000 0.000000
9.300000 0.000000
9.320000 0.000000
9.340000 0.000000
9.360000 0.000000
9.380000 0.000000
9.400000 0.000000
9.420000 0.000000
9.440000 0.000000
9.460000 0.000000
9.480000 0.000000
9.500000 0.000000
9.520000 0.000000
9.540000 0.000000
9.560000 0.000000
9.580000 0.000000
9.600000 0.000000
9.620000 0.000000
9.640000 0.000000
9.660000 0.000000
9.680000 0.000000
9.700000 0.000000
9.720000 0.000000
9.740000 0.000000
9.760000 0.000000
9.780000 0.000000
9.800000 0.000000
9.820000 0.000000
9.840000 0.000000
9.860000 0.000000
9.880000 0.000000
9.900000 0.000000
9.920000 0.000000
9.940000 0.000000
9.960000 0.000000
9.980000 0.000000
10.000000 0.000000
10.020000 0.000000
10.040000 0.000000
10.060000 0.000000
10.080000 0.000000
10.100000 0.000000
10.120000 0.000000
10.140000 0.000000
10.160000 0.000000
10.180000 0.000000
10.200000 0.000000
10.220000 0.000000
10.240000 0.000000
10.260000 0.000000
10.280000 0.000000
10.300000 0.000000
10.320000 0.000000
10.340000 0.000000
10.360000 0.000000
10.380000 0.000000
10.400000 0.000000
10.420000 0.000000
10.440000 0.000000
10.460000 0.000000
10.480000 0.000000
10.500000 0.000000
10.520000 0.000000
10.540000 0.000000
10.560000 0.000000
10.580000 0.000000
10.600000 0.000000
10.620000 0.000000
10.640000 0.000000
10.660000 0.000000
10.680000 0.000000
10.700000 0.000000
10.720000 0.000000
10.740000 0.000000
10.760000 0.000000
10.780000 0.000000
10.800000 0.000000
10.820000 0.000000
10.840000 0.000000
10.860000 0.000000
10.880000 0.000000
10.900000 0.000000
10.920000 0.000000
10.940000 0.000000
10.960000 0.000000
10.980000 0.000000
11.000000 0.000000
11.020000 0.000000
11.040000 0.000000
11.060000 0.000000
11.080000 0.000000
11.100000 0.000000
11.120000 0.000000
11.140000 0.000000
11.160000 0.000000
11.180000 0.000000
11.200000 0.000000
11.220000 0.000000
11.240000 0.000000
11.260000 0.000000
11.280000 0.000000
11.300000 0.000000
11.320000 0.000000
11.340000 0.000000
11.360000 0.000000
11.380000 0.000000
11.400000 0.000000
11.420000 0.000000
11.440000 0.000000
11.460000 0.000000
11.480000 0.000000
11.500000 0.000000
11.520000 0.000000
11.540000 0.000000
11.560000 0.000000
11.580000 0.000000
11.600000 0.000000
11.620000 0.000000
11.640000 0.000000
11.660000 0.000000
11.680000 0.000000
11.700000 0.000000
11.720000 0.000000
11.740000 0.000000
11.760000 0.000000
11.780000 0.000000
11.800000 0.000000
11.820000 0.000000
11.840000 0.000000
11.860000 0.000000
11.880000 0.000000
11.900000 0.000000
11.920000 0.000000
11.940000 0.000000
11.960000 0.000000
11.980000 0.000000
12.000000 0.000000
12.020000 0.000000
12.040000 0.000000
12.060000 0.000000
12.080000 0.000000
12.100000 0.000000
12.120000 0.000000
12.140000 0.000000
12.160000 0.000000
12.180000 0.000000
12.200000 0.000000
12.220000 0.000000
12.240000 0.000000
12.260000 0.000000
12.280000 0.000000
12.300000 0.000000
12.320000 0.000000
12.340000 0.000000
12.360000 0.000000
12.380000 0.000000
12.400000 0.000000
12.420000 0.000000
12.440000 0.000000
12.460000 0.000000
12.480000 0.000000
12.500000 0.000000
12.520000 0.000000
12.540000 0.000000
12.560000 0.000000
12.580000 0.000000
12.600000 0.000000
12.620000 0.000000
12.640000 0.000000
12.660000 0.000000
12.680000 0.000000
12.700000 0.000000
12.720000 0.000000
12.740000 0.000000
12.760000 0.000000
12.780000 0.000000
12.800000 0.000000
12.820000 0.000000
12.840000 0.000000
12.860000 0.000000
12.880000 0.000000
12.900000 0.000000
12.920000 0.000000
12.940000 0.000000
12.960000 0.000000
12.980000 0.000000
13.000000 0.000000
13.020000 0.000000
13.040000 0.000000
13.060000 0.000000
13.080000 0.000000
13.100000 0.000000
13.120000 0.000000
13.140000 0.000000
13.160000 0.000000
13.180000 0.000000
13.200000 0.000000
13.220000 0.000000
13.240000 0.000000
13.260000 0.000000
13.280000 0.000000
13.300000 0.000000
13.320000 0.000000
13.340000 0.000000
13.360000 0.000000
13.380000 0.000000
13.400000 0.000000
13.420000 0.000000
13.440000 0.000000
13.460000 0.000000
13.480000 0.000000
13.500000 0.000000
13.520000 0.000000
13.540000 0.000000
13.560000 0.000000
13.580000 0.000000
13.600000 0.000000
13.620000 0.000000
13.640000 0.000000
13.660000 0.000000
13.680000 0.000000
13.700000 0.000000
13.720000 0.000000
13.740000 0.000000
13.760000 0.000000
13.780000 0.000000
13.800000 0.000000
13.820000 0.000000
13.840000 0.000000
13.860000 0.000000
13.880000 0.000000
13.900000 0.000000
13.920000 0.000000
13.940000 0.000000
13.960000 0.000000
13.980000 0.000000
14.000000 0.000000
14.020000 0.000000
14.040000 0.000000
14.060000 0.000000
14.080000 0.000000
14.100000 0.000000
14.120000 0.000000
14.140000 0.000000
14.160000 0.000000
14.180000 0.000000
14.200000 0.000000
14.220000 0.000000
14.240000 0.000000
14.260000 0.000000
14.280000 0.000000
14.300000 0.000000
14.320000 0.000000
14.340000 0.000000
14.360000 0.000000
14.380000 0.000000
14.400000 0.000000
14.420000 0.000000
14.440000 0.000000
14.460000 0.000000
14.480000 0.000000
14.500000 0.000000
14.520000 0.000000
14.540000 0.000000
14.560000 0.000000
14.580000 0.000000
14.600000 0.000000
14.620000 0.000000
14.640000 0.000000
14.660000 0.000000
14.680000 0.000000
14.700000 0.000000
14.720000 0.000000
14.740000 0.000000
14.760000 0.000000
14.780000 0.000000
14.800000 0.000000
14.820000 0.000000
14.840000 0.000000
14.860000 0.000000
14.880000 0.000000
14.900000 0.000000
14.920000 0.000000
14.940000 0.000000
14.960000 0.000000
14.980000 0.000000
15.000000 0.000000
15.020000 0.000000
15.040000 0.000000
15.060000 0.000000
15.080000 0.000000
15.100000 0.000000
15.120000 0.000000
15.140000 0.000000
15.160000 0.000000
15.180000 0.000000
15.200000 0.000000
15.220000 0.000000
15.240000 0.000000
15.260000 0.000000
15.280000 0.000000
15.300000 0.000000
15.320000 0.000000
15.340000 0.000000
15.360000 0.000000
15.380000 0.000000
15.400000 0.000000
15.420000 0.000000
15.440000 0.000000
15.460000 0.000000
15.480000 0.000000
15.500000 0.000000
15.520000 0.000000
15.540000 0.000000
15.560000 0.000000
15.580000 0.000000
15.600000 0.000000
15.620000 0.000000
15.640000 0.000000
15.660000 0.000000
15.680000 0.000000
15.700000 0.000000
15.720000 0.000000
15.740000 0.000000
15.760000 0.000000
15.780000 0.000000
15.800000 0.000000
15.820000 0.000000
15.840000 0.000000
15.860000 0.000000
15.880000 0.000000
15.900000 0.000000
15.920000 0.000000
15.940000 0.000000
15.960000 0.000000
15.980000 0.000000
16.000000 0.000000
16.020000 0.000000
16.040000 0.000000
16.060000 0.000000
16.080000 0.000000
16.100000 0.000000
16.120000 0.000000
16.140000 0.000000
16.160000 0.000000
16.180000 0.000000
16.200000 0.000000
16.220000 0.000000
16.240000 0.000000
16.260000 0.000000
16.280000 0.000000
16.300000 0.000000
16.320000 0.000000
16.340000 0.000000
16.360000 0.000000
16.380000 0.000000
16.400000 0.000000
16.420000 0.000000
16.440000 0.000000
16.460000 0.000000
16.480000 0.000000
16.500000 0.000000
16.520000 0.000000
16.540000 0.000000
16.560000 0.000000
16.580000 0.000000
16.600000 0.000000
16.620000 0.000000
16.640000 0.000000
16.660000 0.000000
16.680000 0.000000
16.700000 0.000000
16.720000 0.000000
16.740000 0.000000
16.760000 0.000000
16.780000 0.000000
16.800000 0.000000
16.820000 0.000000
16.840000 0.000000
16.860000 0.000000
16.880000 0.000000
16.900000 0.000000
16.920000 0.000000
16.940000 0.000000
16.960000 0.000000
16.980000 0.000000
17.000000 0.000000
17.020000 0.000000
17.040000 0.000000
17.060000 0.000000
17.080000 0.000000
17.100000 0.000000
17.120000 0.000000
17.140000 0.000000
17.160000 0.000000
17.180000 0.000000
17.200000 0.000000
17.220000 0.000000
17.240000 0.000000
17.260000 0.000000
17.280000 0.000000
17.300000 0.000000
17.320000 0.000000
17.340000 0.000000
17.360000 0.000000
17.380000 0.000000
17.400000 0.000000
17.420000 0.000000
17.440000 0.000000
17.460000 0.000000
17.480000 0.000000
17.500000 0.000000
17.520000 0.000000
17.540000 0.000000
17.560000 0.000000
17.580000 0.000000
17.600000 0.000000
17.620000 0.000000
17.640000 0.000000
17.660000 0.000000
17.680000 0.000000
17.700000 0.000000
17.720000 0.000000
17.740000 0.000000
17.760000 0.000000
17.780000 0.000000
17.800000 0.000000
17.820000 0.000000
17.840000 0.000000
17.860000 0.000000
17.880000 0.000000
17.900000 0.000000
17.920000 0.000000
17.940000 0.000000
17.960000 0.000000
17.980000 0.000000
18.000000 0.000000
18.020000 0.000000
18.040000 0.000000
18.060000 0.000000
18.080000 0.000000
18.100000 0.000000
18.120000 0.000000
18.140000 0.000000
18.160000 0.000000
18.180000 0.000000
18.200000 0.000000
18.220000 0.000000
18.240000 0.000000
18.260000 0.000000
18.280000 0.000000
18.300000 0.000000
18.320000 0.000000
18.340000 0.000000
18.360000 0.000000
18.380000 0.000000
18.400000 0.000000
18.420000 0.000000
18.440000 0.000000
18.460000 0.000000
18.480000 0.000000
18.500000 0.000000
18.520000 0.000000
18.540000 0.000000
18.560000 0.000000
18.580000 0.000000
18.600000 0.000000
18.620000 0.000000
18.640000 0.000000
18.660000 0.000000
18.680000 0.000000
18.700000 0.000000
18.720000 0.000000
18.740000 0.000000
18.760000 0.000000
18.780000 0.000000
18.800000 0.000000
18.820000 0.000000
18.840000 0.000000
18.860000 0.000000
18.880000 0.000000
18.900000 0.000000
18.920000 0.000000
18.940000 0.000000
18.960000 0.000000
18.980000 0.000000
19.000000 0.000000
19.020000 0.000000
19.040000 0.000000
19.060000 0.000000
19.080000 0.000000
19.100000 0.000000
19.120000 0.000000
19.140000 0.000000
19.160000 0.000000
19.180000 0.000000
19.200000 0.000000
19.220000 0.000000
19.240000 0.000000
19.260000 0.000000
19.280000 0.000000
19.300000 0.000000
19.320000 0.000000
19.340000 0.000000
19.360000 0.000000
19.380000 0.000000
19.400000 0.000000
19.420000 0.000000
19.440000 0.000000
19.460000 0.000000
19.480000 0.000000
19.500000 0.000000
19.520000 0.000000
19.540000 0.000000
19.560000 0.000000
19.580000 0.000000
19.600000 0.000000
19.620000 0.000000
19.640000 0.000000
19.660000 0.000000
19.680000 0.000000
19.700000 0.000000
19.720000 0.000000
19.740000 0.000000
19.760000 0.000000
19.780000 0.000000
19.800000 0.000000
19.820000 0.000000
19.840000 0.000000
19.860000 0.000000
19.880000 0.000000
19.900000 0.000000
19.920000 0.000000
19.940000 0.000000
19.960000 0.000000
19.980000 0.000000
20.000000 0.000000
20.020000 0.000000
20.040000 0.000000
20.060000 0.000000
20.080000 0.000000
20.100000 0.000000
20.120000 0.000000
20.140000 0.000000
20.160000 0.000000
20.180000 0.000000
20.200000 0.000000
20.220000 0.000000
20.240000 0.000000
20.260000 0.000000
20.280000 0.000000
20.300000 0.000000
20.320000 0.000000
20.340000 0.000000
20.360000 0.000000
20.380000 0.000000
20.400000 0.000000
20.420000 0.000000
20.440000 0.000000
20.460000 0.000000
20.480000 0.000000
20.500000 0.000000
20.520000 0.000000
20.540000 0.000000
20.560000 0.000000
20.580000 0.000000
20.600000 0.000000
20.620000 0.000000
20.640000 0.000000
20.660000 0.000000
20.680000 0.000000
20.700000 0.000000
20.720000 0.000000
20.740000 0.000000
20.760000 0.000000
20.780000 0.000000
20.800000 0.000000
20.820000 0.000000
20.840000 0.000000
20.860000 0.000000
20.880000 0.000000
20.900000 0.000000
20.920000 0.000000
20.940000 0.000000
20.960000 0.000000
20.980000 0.000000
21.000000 0.000000
21.020000 0.000000
21.040000 0.000000
21.060000 0.000000
21.080000 0.000000
21.100000 0.000000
21.120000 0.000000
21.140000 0.000000
21.160000 0.000000
21.180000 0.000000
21.200000 0.000000
21.220000 0.000000
21.240000 0.000000
21.260000 0.000000
21.280000 0.000000
21.300000 0.000000
21.320000 0.000000
21.340000 0.000000
21.360000 0.000000
21.380000 0.000000
21.400000 0.000000
21.420000 0.000000
21.440000 0.000000
21.460000 0.000000
21.480000 0.000000
21.500000 0.000000
21.520000 0.000000
21.540000 0.000000
21.560000 0.000000
21.580000 0.000000
21.600000 0.000000
21.620000 0.000000
21.640000 0.000000
21.660000 0.000000
21.680000 0.000000
21.700000 0.000000
21.720000 0.000000
21.740000 0.000000
21.760000 0.000000
21.780000 0.000000
21.800000 0.000000
21.820000 0.000000
21.840000 0.000000
21.860000 0.000000
21.880000 0.000000
21.900000 0.000000
21.920000 0.000000
21.940000 0.000000
21.960000 0.000000
21.980000 0.000000
22.000000 0.000000
22.020000 0.000000
22.040000 0.000000
22.060000 0.000000
22.080000 0.000000
22.100000 0.000000
22.120000 0.000000
22.140000 0.000000
22.160000 0.000000
22.180000 0.000000
22.200000 0.000000
22.220000 0.000000
22.240000 0.000000
22.260000 0.000000
22.280000 0.000000
22.300000 0.000000
22.320000 0.000000
22.340000 0.000000
22.360000 0.000000
22.380000 0.000000
22.400000 0.000000
22.420000 0.000000
22.440000 0.000000
22.460000 0.000000
22.480000 0.000000
22.500000 0.000000
22.520000 0.000000
22.540000 0.000000
22.560000 0.000000
22.580000 0.000000
22.600000 0.000000
22.620000 0.000000
22.640000 0.000000
22.660000 0.000000
22.680000 0.000000
22.700000 0.000000
22.720000 0.000000
22.740000 0.000000
22.760000 0.000000
22.780000 0.000000
22.800000 0.000000
22.820000 0.000000
22.840000 0.000000
22.860000 0.000000
22.880000 0.000000
22.900000 0.000000
22.920000 0.000000
22.940000 0.000000
22.960000 0.000000
22.980000 0.000000
23.000000 0.000000
23.020000 0.000000
23.040000 0.000000
23.060000 0.000000
23.080000 0.000000
23.100000 0.000000
23.120000 0.000000
23.140000 0.000000
23.160000 0.000000
23.180000 0.000000
23.200000 0.000000
23.220000 0.000000
23.240000 0.000000
23.260000 0.000000
23.280000 0.000000
23.300000 0.000000
23.320000 0.000000
23.340000 0.000000
23.360000 0.000000
23.380000 0.000000
23.400000 0.000000
23.420000 0.000000
23.440000 0.000000
23.460000 0.000000
23.480000 0.000000
23.500000 0.000000
23.520000 0.000000
23.540000 0.000000
23.560000 0.000000
23.580000 0.000000
23.600000 0.000000
23.620000 0.000000
23.640000 0.000000
23.660000 0.000000
23.680000 0.000000
23.700000 0.000000
23.720000 0.000000
23.740000 0.000000
23.760000 0.000000
23.780000 0.000000
23.800000 0.000000
23.820000 0.000000
23.840000 0.000000
23.860000 0.000000
23.880000 0.000000
23.900000 0.000000
23.920000 0.000000
23.940000 0.000000
23.960000 0.000000
23.980000 0.000000
24.000000 0.000000
24.020000 0.000000
24.040000 0.000000
24.060000 0.000000
24.080000 0.000000
24.100000 0.000000
24.120000 0.000000
24.140000 0.000000
24.160000 0.000000
24.180000 0.000000
24.200000 0.000000
24.220000 0.000000
24.240000 0.000000
24.260000 0.000000
24.280000 0.000000
24.300000 0.000000
24.320000 0.000000
24.340000 0.000000
24.360000 0.000000
24.380000 0.000000
24.400000 0.000000
24.420000 0.000000
24.440000 0.000000
24.460000 0.000000
24.480000 0.000000
24.500000 0.000000
24.520000 0.000000
24.540000 0.000000
24.560000 0.000000
24.580000 0.000000
24.600000 0.000000
24.620000 0.000000
24.640000 0.000000
24.660000 0.000000
24.680000 0.000000
24.700000 0.000000
24.720000 0.000000
24.740000 0.000000
24.760000 0.000000
24.780000 0.000000
24.800000 0.000000
24.820000 0.000000
24.840000 0.000000
24.860000 0.000000
24.880000 0.000000
24.900000 0.000000
24.920000 0.000000
24.940000 0.000000
24.960000 0.000000
24.980000 0.000000
25.000000 0.000000
25.020000 0.000000
25.040000 0.000000
25.060000 0.000000
25.080000 0.000000
25.100000 0.000000
25.120000 0.000000
25.140000 0.000000
25.160000 0.000000
25.180000 0.000000
25.200000 0.000000
25.220000 0.000000
25.240000 0.000000
25.260000 0.000000
25.280000 0.000000
25.300000 0.000000
25.320000 0.000000
25.340000 0.000000
25.360000 0.000000
25.380000 0.000000
25.400000 0.000000
25.420000 0.000000
25.440000 0.000000
25.460000 0.000000
25.480000 0.000000
25.500000 0.000000
25.520000 0.000000
25.540000 0.000000
25.560000 0.000000
25.580000 0.000000
25.600000 0.000000
25.620000 0.000000
25.640000 0.000000
25.660000 0.000000
25.680000 0.000000
25.700000 0.000000
25.720000 0.000000
25.740000 0.000000
25.760000 0.000000
25.780000 0.000000
25.800000 0.000000
25.820000 0.000000
25.840000 0.000000
25.860000 0.000000
25.880000 0.000000
25.900000 0.000000
25.920000 0.000000
25.940000 0.000000
25.960000 0.000000
25.980000 0.000000
26.000000 0.000000
26.020000 0.000000
26.040000 0.000000
26.060000 0.000000
26.080000 0.000000
26.100000 0.000000
26.120000 0.000000
26.140000 0.000000
26.160000 0.000000
26.180000 0.000000
26.200000 0.000000
26.220000 0.000000
26.240000 0.000000
26.260000 0.000000
26.280000 0.000000
26.300000 0.000000
26.320000 0.000000
26.340000 0.000000
26.360000 0.000000
26.380000 0.000000
26.400000 0.000000
26.420000 0.000000
26.440000 0.000000
26.460000 0.000000
26.480000 0.000000
26.500000 0.000000
26.520000 0.000000
26.540000 0.000000
26.560000 0.000000
26.580000 0.000000
26.600000 0.000000
26.620000 0.000000
26.640000 0.000000
26.660000 0.000000
26.680000 0.000000
26.700000 0.000000
26.720000 0.000000
26.740000 0.000000
26.760000 0.000000
26.780000 0.000000
26.800000 0.000000
26.820000 0.000000
26.840000 0.000000
26.860000 0.000000
26.880000 0.000000
26.900000 0.000000
26.920000 0.000000
26.940000 0.000000
26.960000 0.000000
26.980000 0.000000
27.000000 0.000000
27.020000 0.000000
27.040000 0.000000
27.060000 0.000000
27.080000 0.000000
27.100000 0.000000
27.120000 0.000000
27.140000 0.000000
27.160000 0.000000
27.180000 0.000000
27.200000 0.000000
27.220000 0.000000
27.240000 0.000000
27.260000 0.000000
27.280000 0.000000
27.300000 0.000000
27.320000 0.000000
27.340000 0.000000
27.360000 0.000000
27.380000 0.000000
27.400000 0.000000
27.420000 0.000000
27.440000 0.000000
27.460000 0.000000
27.480000 0.000000
27.500000 0.000000
27.520000 0.000000
27.540000 0.000000
27.560000 0.000000
27.580000 0.000000
27.600000 0.000000
27.620000 0.000000
27.640000 0.000000
27.660000 0.000000
27.680000 0.000000
27.700000 0.000000
27.720000 0.000000
27.740000 0.000000
27.760000 0.000000
27.780000 0.000000
27.800000 0.000000
27.820000 0.000000
27.840000 0.000000
27.860000 0.000000
27.880000 0.000000
27.900000 0.000000
27.920000 0.000000
27.940000 0.000000
27.960000 0.000000
27.980000 0.000000
28.000000 0.000000
28.020000 0.000000
28.040000 0.000000
28.060000 0.000000
28.080000 0.000000
28.100000 0.000000
28.120000 0.000000
28.140000 0.000000
28.160000 0.000000
28.180000 0.000000
28.200000 0.000000
28.220000 0.000000
28.240000 0.000000
28.260000 0.000000
28.280000 0.000000
28.300000 0.000000
28.320000 0.000000
28.340000 0.000000
28.360000 0.000000
28.380000 0.000000
28.400000 0.000000
28.420000 0.000000
28.440000 0.000000
28.460000 0.000000
28.480000 0.000000
28.500000 0.000000
28.520000 0.000000
28.540000 0.000000
28.560000 0.000000
28.580000 0.000000
28.600000 0.000000
28.620000 0.000000
28.640000 0.000000
28.660000 0.000000
28.680000 0.000000
28.700000 0.000000
28.720000 0.000000
28.740000 0.000000
28.760000 0.000000
28.780000 0.000000
28.800000 0.000000
28.820000 0.000000
28.840000 0.000000
28.860000 0.000000
28.880000 0.000000
28.900000 0.000000
28.920000 0.000000
28.940000 0.000000
28.960000 0.000000
28.980000 0.000000
29.000000 0.000000
29.020000 0.000000
29.040000 0.000000
29.060000 0.000000
29.080000 0.000000
29.100000 0.000000
29.120000 0.000000
29.140000 0.000000
29.160000 0.000000
29.180000 0.000000
29.200000 0.000000
29.220000 0.000000
29.240000 0.000000
29.260000 0.000000
29.280000 0.000000
29.300000 0.000000
29.320000 0.000000
29.340000 0.000000
29.360000 0.000000
29.380000 0.000000
29.400000 0.000000
29.420000 0.000000
29.440000 0.000000
29.460000 0.000000
29.480000 0.000000
29.500000 0.000000
29.520000 0.000000
29.540000 0.000000
29.560000 0.000000
29.580000 0.000000
29.600000 0.000000
29.620000 0.000000
29.640000 0.000000
29.660000 0.000000
29.680000 0.000000
29.700000 0.000000
29.720000 0.000000
29.740000 0.000000
29.760000 0.000000
29.780000 0.000000
29.800000 0.000000
29.820000 0.000000
29.840000 0.000000
29.860000 0.000000
29.880000 0.000000
29.900000 0.000000
29.920000 0.000000
29.940000 0.000000
29.960000 0.000000
29.980000 0.000000
30.000000 0.000000
30.020000 0.000000
30.040000 0.000000
30.060000 0.000000
30.080000 0.000000
30.100000 0.000000
30.120000 0.000000
30.140000 0.000000
30.160000 0.000000
30.180000 0.000000
30.200000 0.000000
30.220000 0.000000
30.240000 0.000000
30.260000 0.000000
30.280000 0.000000
30.300000 0.000000
30.320000 0.000000
30.340000 0.000000
30.360000 0.000000
30.380000 0.000000
30.400000 0.000000
30.420000 0.000000
30.440000 0.000000
30.460000 0.000000
30.480000 0.000000
30.500000 0.000000
30.520000 0.000000
30.540000 0.000000
30.560000 0.000000
30.580000 0.000000
30.600000 0.000000
30.620000 0.000000
30.640000 0.000000
30.660000 0.000000
30.680000 0.000000
30.700000 0.000000
30.720000 0.000000
30.740000 0.000000
30.760000 0.000000
30.780000 0.000000
30.800000 0.000000
30.820000 0.000000
30.840000 0.000000
30.860000 0.000000
30.880000 0.000000
30.900000 0.000000
30.920000 0.000000
30.940000 0.000000
30.960000 0.000000
30.980000 0.000000
31.000000 0.000000
31.020000 0.000000
31.040000 0.000000
31.060000 0.000000
31.080000 0.000000
31.100000 0.000000
31.120000 0.000000
31.140000 0.000000
31.160000 0.000000
31.180000 0.000000
31.200000 0.000000
31.220000 0.000000
31.240000 0.000000
31.260000 0.000000
31.280000 0.000000
31.300000 0.000000
31.320000 0.000000
31.340000 0.000000
31.360000 0.000000
31.380000 0.000000
31.400000 0.000000
31.420000 0.000000
31.440000 0.000000
31.460000 0.000000
31.480000 0.000000
31.500000 0.000000
31.520000 0.000000
31.540000 0.000000
31.560000 0.000000
31.580000 0.000000
31.600000 0.000000
31.620000 0.000000
31.640000 0.000000
31.660000 0.000000
31.680000 0.000000
31.700000 0.000000
31.720000 0.000000
31.740000 0.000000
31.760000 0.000000
31.780000 0.000000
31.800000 0.000000
31.820000 0.000000
31.840000 0.000000
31.860000 0.000000
31.880000 0.000000
31.900000 0.000000
31.920000 0.000000
31.940000 0.000000
31.960000 0.000000
31.980000 0.000000
32.000000 0.000000
32.020000 0.000000
32.040000 0.000000
32.060000 0.000000
32.080000 0.000000
32.100000 0.000000
32.120000 0.000000
32.140000 0.000000
32.160000 0.000000
32.180000 0.000000
32.200000 0.000000
32.220000 0.000000
32.240000 0.000000
32.260000 0.000000
32.280000 0.000000
32.300000 0.000000
32.320000 0.000000
32.340000 0.000000
32.360000 0.000000
32.380000 0.000000
32.400000 0.000000
32.420000 0.000000
32.440000 0.000000
32.460000 0.000000
32.480000 0.000000
32.500000 0.000000
32.520000 0.000000
32.540000 0.000000
32.560000 0.000000
32.580000 0.000000
32.600000 0.000000
32.620000 0.000000
32.640000 0.000000
32.660000 0.000000
32.680000 0.000000
32.700000 0.000000
32.720000 0.000000
32.740000 0.000000
32.760000 0.000000
32.780000 0.000000
32.800000 0.000000
32.820000 0.000000
32.840000 0.000000
32.860000 0.000000
32.880000 0.000000
32.900000 0.000000
32.920000 0.000000
32.940000 0.000000
32.960000 0.000000
32.980000 0.000000
33.000000 0.000000
33.020000 0.000000
33.040000 0.000000
33.060000 0.000000
33.080000 0.000000
33.100000 0.000000
33.120000 0.000000
33.140000 0.000000
33.160000 0.000000
33.180000 0.000000
33.200000 0.000000
33.220000 0.000000
33.240000 0.000000
33.260000 0.000000
33.280000 0.000000
33.300000 0.000000
33.320000 0.000000
33.340000 0.000000
33.360000 0.000000
33.380000 0.000000
33.400000 0.000000
33.420000 0.000000
33.440000 0.000000
33.460000 0.000000
33.480000 0.000000
33.500000 0.000000
33.520000 0.000000
33.540000 0.000000
33.560000 0.000000
33.580000 0.000000
33.600000 0.000000
33.620000 0.000000
33.640000 0.000000
33.660000 0.000000
33.680000 0.000000
33.700000 0.000000
33.720000 0.000000
33.740000 0.000000
33.760000 0.000000
33.780000 0.000000
33.800000 0.000000
33.820000 0.000000
33.840000 0.000000
33.860000 0.000000
33.880000 0.000000
33.900000 0.000000
33.920000 0.000000
33.940000 0.000000
33.960000 0.000000
33.980000 0.000000
34.000000 0.000000
34.020000 0.000000
34.040000 0.000000
34.060000 0.000000
34.080000 0.000000
34.100000 0.000000
34.120000 0.000000
34.140000 0.000000
34.160000 0.000000
34.180000 0.000000
34.200000 0.000000
34.220000 0.000000
34.240000 0.000000
34.260000 0.000000
34.280000 0.000000
34.300000 0.000000
34.320000 0.000000
34.340000 0.000000
34.360000 0.000000
34.380000 0.000000
34.400000 0.000000
34.420000 0.000000
34.440000 0.000000
34.460000 0.000000
34.480000 0.000000
34.500000 0.000000
34.520000 0.000000
34.540000 0.000000
34.560000 0.000000
34.580000 0.000000
34.600000 0.000000
34.620000 0.000000
34.640000 0.000000
34.660000 0.000000
34.680000 0.000000
34.700000 0.000000
34.720000 0.000000
34.740000 0.000000
34.760000 0.000000
34.780000 0.000000
34.800000 0.000000
34.820000 0.000000
34.840000 0.000000
34.860000 0.000000
34.880000 0.000000
34.900000 0.000000
34.920000 0.000000
34.940000 0.000000
34.960000 0.000000
34.980000 0.000000
35.000000 0.000000
35.020000 0.000000
35.040000 0.000000
35.060000 0.000000
35.080000 0.000000
35.100000 0.000000
35.120000 0.000000
35.140000 0.000000
35.160000 0.000000
35.180000 0.000000
35.200000 0.000000
35.220000 0.000000
35.240000 0.000000
35.260000 0.000000
35.280000 0.000000
35.300000 0.000000
35.320000 0.000000
35.340000 0.000000
35.360000 0.000000
35.380000 0.000000
35.400000 0.000000
35.420000 0.000000
35.440000 0.000000
35.460000 0.000000
35.480000 0.000000
35.500000 0.000000
35.520000 0.000000
35.540000 0.000000
35.560000 0.000000
35.580000 0.000000
35.600000 0.000000
35.620000 0.000000
35.640000 0.000000
35.660000 0.000000
35.680000 0.000000
35.700000 0.000000
35.720000 0.000000
35.740000 0.000000
35.760000 0.000000
35.780000 0.000000
35.800000 0.000000
35.820000 0.000000
35.840000 0.000000
35.860000 0.000000
35.880000 0.000000
35.900000 0.000000
35.920000 0.000000
35.940000 0.000000
35.960000 0.000000
35.980000 0.000000
36.000000 0.000000
36.020000 0.000000
36.040000 0.000000
36.060000 0.000000
36.080000 0.000000
36.100000 0.000000
36.120000 0.000000
36.140000 0.000000
36.160000 0.000000
36.180000 0.000000
36.200000 0.000000
36.220000 0.000000
36.240000 0.000000
36.260000 0.000000
36.280000 0.000000
36.300000 0.000000
36.320000 0.000000
36.340000 0.000000
36.360000 0.000000
36.380000 0.000000
36.400000 0.000000
36.420000 0.000000
36.440000 0.000000
36.460000 0.000000
36.480000 0.000000
36.500000 0.000000
36.520000 0.000000
36.540000 0.000000
36.560000 0.000000
36.580000 0.000000
36.600000 0.000000
36.620000 0.000000
36.640000 0.000000
36.660000 0.000000
36.680000 0.000000
36.700000 0.000000
36.720000 0.000000
36.740000 0.000000
36.760000 0.000000
36.780000 0.000000
36.800000 0.000000
36.820000 0.000000
36.840000 0.000000
36.860000 0.000000
36.880000 0.000000
36.900000 0.000000
36.920000 0.000000
36.940000 0.000000
36.960000 0.000000
36.980000 0.000000
37.000000 0.000000
37.020000 0.000000
37.040000 0.000000
37.060000 0.000000
37.080000 0.000000
37.100000 0.000000
37.120000 0.000000
37.140000 0.000000
37.160000 0.000000
37.180000 0.000000
37.200000 0.000000
37.220000 0.000000
37.240000 0.000000
37.260000 0.000000
37.280000 0.000000
37.300000 0.000000
37.320000 0.000000
37.340000 0.000000
37.360000 0.000000
37.380000 0.000000
37.400000 0.000000
37.420000 0.000000
37.440000 0.000000
37.460000 0.000000
37.480000 0.000000
37.500000 0.000000
37.520000 0.000000
37.540000 0.000000
37.560000 0.000000
37.580000 0.000000
37.600000 0.000000
37.620000 0.000000
37.640000 0.000000
37.660000 0.000000
37.680000 0.000000
37.700000 0.000000
37.720000 0.000000
37.740000 0.000000
37.760000 0.000000
37.780000 0.000000
37.800000 0.000000
37.820000 0.000000
37.840000 0.000000
37.860000 0.000000
37.880000 0.000000
37.900000 0.000000
37.920000 0.000000
37.940000 0.000000
37.960000 0.000000
37.980000 0.000000
38.000000 0.000000
38.020000 0.000000
38.040000 0.000000
38.060000 0.000000
38.080000 0.000000
38.100000 0.000000
38.120000 0.000000
38.140000 0.000000
38.160000 0.000000
38.180000 0.000000
38.200000 0.000000
38.220000 0.000000
38.240000 0.000000
38.260000 0.000000
38.280000 0.000000
38.300000 0.000000
38.320000 0.000000
38.340000 0.000000
38.360000 0.000000
38.380000 0.000000
38.400000 0.000000
38.420000 0.000000
38.440000 0.000000
38.460000 0.000000
38.480000 0.000000
38.500000 0.000000
38.520000 0.000000
38.540000 0.000000
38.560000 0.000000
38.580000 0.000000
38.600000 0.000000
38.620000 0.000000
38.640000 0.000000
38.660000 0.000000
38.680000 0.000000
38.700000 0.000000
38.720000 0.000000
38.740000 0.000000
38.760000 0.000000
38.780000 0.000000
38.800000 0.000000
38.820000 0.000000
38.840000 0.000000
38.860000 0.000000
38.880000 0.000000
38.900000 0.000000
38.920000 0.000000
38.940000 0.000000
38.960000 0.000000
38.980000 0.000000
39.000000 0.000000
39.020000 0.000000
39.040000 0.000000
39.060000 0.000000
39.080000 0.000000
39.100000 0.000000
39.120000 0.000000
39.140000 0.000000
39.160000 0.000000
39.180000 0.000000
39.200000 0.000000
39.220000 0.000000
39.240000 0.000000
39.260000 0.000000
39.280000 0.000000
39.300000 0.000000
39.320000 0.000000
39.340000 0.000000
39.360000 0.000000
39.380000 0.000000
39.400000 0.000000
39.420000 0.000000
39.440000 0.000000
39.460000 0.000000
39.480000 0.000000
39.500000 0.000000
39.520000 0.000000
39.540000 0.000000
39.560000 0.000000
39.580000 0.000000
39.600000 0.000000
39.620000 0.000000
39.640000 0.000000
39.660000 0.000000
39.680000 0.000000
39.700000 0.000000
39.720000 0.000000
39.740000 0.000000
39.760000 0.000000
39.780000 0.000000
39.800000 0.000000
39.820000 0.000000
39.840000 0.000000
39.860000 0.000000
39.880000 0.000000
39.900000 0.000000
39.920000 0.000000
39.940000 0.000000
39.960000 0.000000
39.980000 0.000000
40.000000 0.000000
40.020000 0.000000
40.040000 0.000000
40.060000 0.000000
40.080000 0.000000
40.100000 0.000000
40.120000 0.000000
40.140000 0.000000
40.160000 0.000000
40.180000 0.000000
40.200000 0.000000
40.220000 0.000000
40.240000 0.000000
40.260000 0.000000
40.280000 0.000000
40.300000 0.000000
40.320000 0.000000
40.340000 0.000000
40.360000 0.000000
40.380000 0.000000
40.400000 0.000000
40.420000 0.000000
40.440000 0.000000
40.460000 0.000000
40.480000 0.000000
40.500000 0.000000
40.520000 0.000000
40.540000 0.000000
40.560000 0.000000
40.580000 0.000000
40.600000 0.000000
40.620000 0.000000
40.640000 0.000000
40.660000 0.000000
40.680000 0.000000
40.700000 0.000000
40.720000 0.000000
40.740000 0.000000
40.760000 0.000000
40.780000 0.000000
40.800000 0.000000
40.820000 0.000000
40.840000 0.000000
40.860000 0.000000
40.880000 0.000000
40.900000 0.000000
40.920000 0.000000
40.940000 0.000000
40.960000 0.000000
40.980000 0.000000
41.000000 0.000000
41.020000 0.000000
41.040000 0.000000
41.060000 0.000000
41.080000 0.000000
41.100000 0.000000
41.120000 0.000000
41.140000 0.000000
41.160000 0.000000
41.180000 0.000000
41.200000 0.000000
41.220000 0.000000
41.240000 0.000000
41.260000 0.000000
41.280000 0.000000
41.300000 0.000000
41.320000 0.000000
41.340000 0.000000
41.360000 0.000000
41.380000 0.000000
41.400000 0.000000
41.420000 0.000000
41.440000 0.000000
41.460000 0.000000
41.480000 0.000000
41.500000 0.000000
41.520000 0.000000
41.540000 0.000000
41.560000 0.000000
41.580000 0.000000
41.600000 0.000000
41.620000 0.000000
41.640000 0.000000
41.660000 0.000000
41.680000 0.000000
41.700000 0.000000
41.720000 0.000000
41.740000 0.000000
41.760000 0.000000
41.780000 0.000000
41.800000 0.000000
41.820000 0.000000
41.840000 0.000000
41.860000 0.000000
41.880000 0.000000
41.900000 0.000000
41.920000 0.000000
41.940000 0.000000
41.960000 0.000000
41.980000 0.000000
42.000000 0.000000
42.020000 0.000000
42.040000 0.000000
42.060000 0.000000
42.080000 0.000000
42.100000 0.000000
42.120000 0.000000
42.140000 0.000000
42.160000 0.000000
42.180000 0.000000
42.200000 0.000000
42.220000 0.000000
42.240000 0.000000
42.260000 0.000000
42.280000 0.000000
42.300000 0.000000
42.320000 0.000000
42.340000 0.000000
42.360000 0.000000
42.380000 0.000000
42.400000 0.000000
42.420000 0.000000
42.440000 0.000000
42.460000 0.000000
42.480000 0.000000
42.500000 0.000000
42.520000 0.000000
42.540000 0.000000
42.560000 0.000000
42.580000 0.000000
42.600000 0.000000
42.620000 0.000000
42.640000 0.000000
42.660000 0.000000
42.680000 0.000000
42.700000 0.000000
42.720000 0.000000
42.740000 0.000000
42.760000 0.000000
42.780000 0.000000
42.800000 0.000000
42.820000 0.000000
42.840000 0.000000
42.860000 0.000000
42.880000 0.000000
42.900000 0.000000
42.920000 0.000000
42.940000 0.000000
42.960000 0.000000
42.980000 0.000000
43.000000 0.000000
43.020000 0.000000
43.040000 0.000000
43.060000 0.000000
43.080000 0.000000
43.100000 0.000000
43.120000 0.000000
43.140000 0.000000
43.160000 0.000000
43.180000 0.000000
43.200000 0.000000
43.220000 0.000000
43.240000 0.000000
43.260000 0.000000
43.280000 0.000000
43.300000 0.000000
43.320000 0.000000
43.340000 0.000000
43.360000 0.000000
43.380000 0.000000
43.400000 0.000000
43.420000 0.000000
43.440000 0.000000
43.460000 0.000000
43.480000 0.000000
43.500000 0.000000
43.520000 0.000000
43.540000 0.000000
43.560000 0.000000
43.580000 0.000000
43.600000 0.000000
43.620000 0.000000
43.640000 0.000000
43.660000 0.000000
43.680000 0.000000
43.700000 0.000000
43.720000 0.000000
43.740000 0.000000
43.760000 0.000000
43.780000 0.000000
43.800000 0.000000
43.820000 0.000000
43.840000 0.000000
43.860000 0.000000
43.880000 0.000000
43.900000 0.000000
43.920000 0.000000
43.940000 0.000000
43.960000 0.000000
43.980000 0.000000
44.000000 0.000000
44.020000 0.000000
44.040000 0.000000
44.060000 0.000000
44.080000 0.000000
44.100000 0.000000
44.120000 0.000000
44.140000 0.000000
44.160000 0.000000
44.180000 0.000000
44.200000 0.000000
44.220000 0.000000
44.240000 0.000000
44.260000 0.000000
44.280000 0.000000
44.300000 0.000000
44.320000 0.000000
44.340000 0.000000
44.360000 0.000000
44.380000 0.000000
44.400000 0.000000
44.420000 0.000000
44.440000 0.000000
44.460000 0.000000
44.480000 0.000000
44.500000 0.000000
44.520000 0.000000
44.540000 0.000000
44.560000 0.000000
44.580000 0.000000
44.600000 0.000000
44.620000 0.000000
44.640000 0.000000
44.660000 0.000000
44.680000 0.000000
44.700000 0.000000
44.720000 0.000000
44.740000 0.000000
44.760000 0.000000
44.780000 0.000000
44.800000 0.000000
44.820000 0.000000
44.840000 0.000000
44.860000 0.000000
44.880000 0.000000
44.900000 0.000000
44.920000 0.000000
44.940000 0.000000
44.960000 0.000000
44.980000 0.000000
45.000000 0.000000
45.020000 0.000000
45.040000 0.000000
45.060000 0.000000
45.080000 0.000000
45.100000 0.000000
45.120000 0.000000
45.140000 0.000000
45.160000 0.000000
45.180000 0.000000
45.200000 0.000000
45.220000 0.000000
45.240000 0.000000
45.260000 0.000000
45.280000 0.000000
45.300000 0.000000
45.320000 0.000000
45.340000 0.000000
45.360000 0.000000
45.380000 0.000000
45.400000 0.000000
45.420000 0.000000
45.440000 0.000000
45.460000 0.000000
45.480000 0.000000
45.500000 0.000000
45.520000 0.000000
45.540000 0.000000
45.560000 0.000000
45.580000 0.000000
45.600000 0.000000
45.620000 0.000000
45.640000 0.000000
45.660000 0.000000
45.680000 0.000000
45.700000 0.000000
45.720000 0.000000
45.740000 0.000000
45.760000 0.000000
45.780000 0.000000
45.800000 0.000000
45.820000 0.000000
45.840000 0.000000
45.860000 0.000000
45.880000 0.000000
45.900000 0.000000
45.920000 0.000000
45.940000 0.000000
45.960000 0.000000
45.980000 0.000000
46.000000 0.000000
46.020000 0.000000
46.040000 0.000000
46.060000 0.000000
46.080000 0.000000
46.100000 0.000000
46.120000 0.000000
46.140000 0.000000
46.160000 0.000000
46.180000 0.000000
46.200000 0.000000
46.220000 0.000000
46.240000 0.000000
46.260000 0.000000
46.280000 0.000000
46.300000 0.000000
46.320000 0.000000
46.340000 0.000000
46.360000 0.000000
46.380000 0.000000
46.400000 0.000000
46.420000 0.000000
46.440000 0.000000
46.460000 0.000000
46.480000 0.000000
46.500000 0.000000
46.520000 0.000000
46.540000 0.000000
46.560000 0.000000
46.580000 0.000000
46.600000 0.000000
46.620000 0.000000
46.640000 0.000000
46.660000 0.000000
46.680000 0.000000
46.700000 0.000000
46.720000 0.000000
46.740000 0.000000
46.760000 0.000000
46.780000 0.000000
46.800000 0.000000
46.820000 0.000000
46.840000 0.000000
46.860000 0.000000
46.880000 0.000000
46.900000 0.000000
46.920000 0.000000
46.940000 0.000000
46.960000 0.000000
46.980000 0.000000
47.000000 0.000000
47.020000 0.000000
47.040000 0.000000
47.060000 0.000000
47.080000 0.000000
47.100000 0.000000
47.120000 0.000000
47.140000 0.000000
47.160000 0.000000
47.180000 0.000000
47.200000 0.000000
47.220000 0.000000
47.240000 0.000000
47.260000 0.000000
47.280000 0.000000
47.300000 0.000000
47.320000 0.000000
47.340000 0.000000
47.360000 0.000000
47.380000 0.000000
47.400000 0.000000
47.420000 0.000000
47.440000 0.000000
47.460000 0.000000
47.480000 0.000000
47.500000 0.000000
47.520000 0.000000
47.540000 0.000000
47.560000 0.000000
47.580000 0.000000
47.600000 0.000000
47.620000 0.000000
47.640000 0.000000
47.660000 0.000000
47.680000 0.000000
47.700000 0.000000
47.720000 0.000000
47.740000 0.000000
47.760000 0.000000
47.780000 0.000000
47.800000 0.000000
47.820000 0.000000
47.840000 0.000000
47.860000 0.000000
47.880000 0.000000
47.900000 0.000000
47.920000 0.000000
47.940000 0.000000
47.960000 0.000000
47.980000 0.000000
48.000000 0.000000
48.020000 0.000000
48.040000 0.000000
48.060000 0.000000
48.080000 0.000000
48.100000 0.000000
48.120000 0.000000
48.140000 0.000000
48.160000 0.000000
48.180000 0.000000
48.200000 0.000000
48.220000 0.000000
48.240000 0.000000
48.260000 0.000000
48.280000 0.000000
48.300000 0.000000
48.320000 0.000000
48.340000 0.000000
48.360000 0.000000
48.380000 0.000000
48.400000 0.000000
48.420000 0.000000
48.440000 0.000000
48.460000 0.000000
48.480000 0.000000
48.500000 0.000000
48.520000 0.000000
48.540000 0.000000
48.560000 0.000000
48.580000 0.000000
48.600000 0.000000
48.620000 0.000000
48.640000 0.000000
48.660000 0.000000
48.680000 0.000000
48.700000 0.000000
48.720000 0.000000
48.740000 0.000000
48.760000 0.000000
48.780000 0.000000
48.800000 0.000000
48.820000 0.000000
48.840000 0.000000
48.860000 0.000000
48.880000 0.000000
48.900000 0.000000
48.920000 0.000000
48.940000 0.000000
48.960000 0.000000
48.980000 0.000000
49.000000 0.000000
49.020000 0.000000
49.040000 0.000000
49.060000 0.000000
49.080000 0.000000
49.100000 0.000000
49.120000 0.000000
49.140000 0.000000
49.160000 0.000000
49.180000 0.000000
49.200000 0.000000
49.220000 0.000000
49.240000 0.000000
49.260000 0.000000
49.280000 0.000000
49.300000 0.000000
49.320000 0.000000
49.340000 0.000000
49.360000 0.000000
49.380000 0.000000
49.400000 0.000000
49.420000 0.000000
49.440000 0.000000
49.460000 0.000000
49.480000 0.000000
49.500000 0.000000
49.520000 0.000000
49.540000 0.000000
49.560000 0.000000
49.580000 0.000000
49.600000 0.000000
49.620000 0.000000
49.640000 0.000000
49.660000 0.000000
49.680000 0.000000
49.700000 0.000000
49.720000 0.000000
49.740000 0.000000
49.760000 0.000000
49.780000 0.000000
49.800000 0.000000
49.820000 0.000000
49.840000 0.000000
49.860000 0.000000
49.880000 0.000000
49.900000 0.000000
49.920000 0.000000
49.940000 0.000000
49.960000 0.000000
49.980000 0.000000
50.000000 0.000000
50.020000 0.000000
50.040000 0.000000
50.060000 0.000000
50.080000 0.000000
50.100000 0.000000
50.120000 0.000000
50.140000 0.000000
50.160000 0.000000
50.180000 0.000000
50.200000 0.000000
50.220000 0.000000
50.240000 0.000000
50.260000 0.000000
50.280000 0.000000
50.300000 0.000000
50.320000 0.000000
50.340000 0.000000
50.360000 0.000000
50.380000 0.000000
50.400000 0.000000
50.420000 0.000000
50.440000 0.000000
50.460000 0.000000
50.480000 0.000000
50.500000 0.000000
50.520000 0.000000
50.540000 0.000000
50.560000 0.000000
50.580000 0.000000
50.600000 0.000000
50.620000 0.000000
50.640000 0.000000
50.660000 0.000000
50.680000 0.000000
50.700000 0.000000
50.720000 0.000000
50.740000 0.000000
50.760000 0.000000
50.780000 0.000000
50.800000 0.000000
50.820000 0.000000
50.840000 0.000000
50.860000 0.000000
50.880000 0.000000
50.900000 0.000000
50.920000 0.000000
50.940000 0.000000
50.960000 0.000000
50.980000 0.000000
51.000000 0.000000
51.020000 0.000000
51.040000 0.000000
51.060000 0.000000
51.080000 0.000000
51.100000 0.000000
51.120000 0.000000
51.140000 0.000000
51.160000 0.000000
51.180000 0.000000
51.200000 0.000000
51.220000 0.000000
51.240000 0.000000
51.260000 0.000000
51.280000 0.000000
51.300000 0.000000
51.320000 0.000000
51.340000 0.000000
51.360000 0.000000
51.380000 0.000000
51.400000 0.000000
51.420000 0.000000
51.440000 0.000000
51.460000 0.000000
51.480000 0.000000
51.500000 0.000000
51.520000 0.000000
51.540000 0.000000
51.560000 0.000000
51.580000 0.000000
51.600000 0.000000
51.620000 0.000000
51.640000 0.000000
51.660000 0.000000
51.680000 0.000000
51.700000 0.000000
51.720000 0.000000
51.740000 0.000000
51.760000 0.000000
51.780000 0.000000
51.800000 0.000000
51.820000 0.000000
51.840000 0.000000
51.860000 0.000000
51.880000 0.000000
51.900000 0.000000
51.920000 0.000000
51.940000 0.000000
51.960000 0.000000
51.980000 0.000000
52.000000 0.000000
52.020000 0.000000
52.040000 0.000000
52.060000 0.000000
52.080000 0.000000
52.100000 0.000000
52.120000 0.000000
52.140000 0.000000
52.160000 0.000000
52.180000 0.000000
52.200000 0.000000
52.220000 0.000000
52.240000 0.000000
52.260000 0.000000
52.280000 0.000000
52.300000 0.000000
52.320000 0.000000
52.340000 0.000000
52.360000 0.000000
52.380000 0.000000
52.400000 0.000000
52.420000 0.000000
52.440000 0.000000
52.460000 0.000000
52.480000 0.000000
52.500000 0.000000
52.520000 0.000000
52.540000 0.000000
52.560000 0.000000
52.580000 0.000000
52.600000 0.000000
52.620000 0.000000
52.640000 0.000000
52.660000 0.000000
52.680000 0.000000
52.700000 0.000000
52.720000 0.000000
52.740000 0.000000
52.760000 0.000000
52.780000 0.000000
52.800000 0.000000
52.820000 0.000000
52.840000 0.000000
52.860000 0.000000
52.880000 0.000000
52.900000 0.000000
52.920000 0.000000
52.940000 0.000000
52.960000 0.000000
52.980000 0.000000
53.000000 0.000000
53.020000 0.000000
53.040000 0.000000
53.060000 0.000000
53.080000 0.000000
53.100000 0.000000
53.120000 0.000000
53.140000 0.000000
53.160000 0.000000
53.180000 0.000000
53.200000 0.000000
53.220000 0.000000
53.240000 0.000000
53.260000 0.000000
53.280000 0.000000
53.300000 0.000000
53.320000 0.000000
53.340000 0.000000
53.360000 0.000000
53.380000 0.000000
53.400000 0.000000
53.420000 0.000000
53.440000 0.000000
53.460000 0.000000
53.480000 0.000000
53.500000 0.000000
53.520000 0.000000
53.540000 0.000000
53.560000 0.000000
53.580000 0.000000
53.600000 0.000000
53.620000 0.000000
53.640000 0.000000
53.660000 0.000000
53.680000 0.000000
53.700000 0.000000
53.720000 0.000000
53.740000 0.000000
53.760000 0.000000
53.780000 0.000000
53.800000 0.000000
53.820000 0.000000
53.840000 0.000000
53.860000 0.000000
53.880000 0.000000
53.900000 0.000000
53.920000 0.000000
53.940000 0.000000
53.960000 0.000000
53.980000 0.000000
54.000000 0.000000
54.020000 0.000000
54.040000 0.000000
54.060000 0.000000
54.080000 0.000000
54.100000 0.000000
54.120000 0.000000
54.140000 0.000000
54.160000 0.000000
54.180000 0.000000
54.200000 0.000000
54.220000 0.000000
54.240000 0.000000
54.260000 0.000000
54.280000 0.000000
54.300000 0.000000
54.320000 0.000000
54.340000 0.000000
54.360000 0.000000
54.380000 0.000000
54.400000 0.000000
54.420000 0.000000
54.440000 0.000000
54.460000 0.000000
54.480000 0.000000
54.500000 0.000000
54.520000 0.000000
54.540000 0.000000
54.560000 0.000000
54.580000 0.000000
54.600000 0.000000
54.620000 0.000000
54.640000 0.000000
54.660000 0.000000
54.680000 0.000000
54.700000 0.000000
54.720000 0.000000
54.740000 0.000000
54.760000 0.000000
54.780000 0.000000
54.800000 0.000000
54.820000 0.000000
54.840000 0.000000
54.860000 0.000000
54.880000 0.000000
54.900000 0.000000
54.920000 0.000000
54.940000 0.000000
54.960000 0.000000
54.980000 0.000000
55.000000 0.000000
55.020000 0.000000
55.040000 0.000000
55.060000 0.000000
55.080000 0.000000
55.100000 0.000000
55.120000 0.000000
55.140000 0.000000
55.160000 0.000000
55.180000 0.000000
55.200000 0.000000
55.220000 0.000000
55.240000 0.000000
55.260000 0.000000
55.280000 0.000000
55.300000 0.000000
55.320000 0.000000
55.340000 0.000000
55.360000 0.000000
55.380000 0.000000
55.400000 0.000000
55.420000 0.000000
55.440000 0.000000
55.460000 0.000000
55.480000 0.000000
55.500000 0.000000
55.520000 0.000000
55.540000 0.000000
55.560000 0.000000
55.580000 0.000000
55.600000 0.000000
55.620000 0.000000
55.640000 0.000000
55.660000 0.000000
55.680000 0.000000
55.700000 0.000000
55.720000 0.000000
55.740000 0.000000
55.760000 0.000000
55.780000 0.000000
55.800000 0.000000
55.820000 0.000000
55.840000 0.000000
55.860000 0.000000
55.880000 0.000000
55.900000 0.000000
55.920000 0.000000
55.940000 0.000000
55.960000 0.000000
55.980000 0.000000
56.000000 0.000000
56.020000 0.000000
56.040000 0.000000
56.060000 0.000000
56.080000 0.000000
56.100000 0.000000
56.120000 0.000000
56.140000 0.000000
56.160000 0.000000
56.180000 0.000000
56.200000 0.000000
56.220000 0.000000
56.240000 0.000000
56.260000 0.000000
56.280000 0.000000
56.300000 0.000000
56.320000 0.000000
56.340000 0.000000
56.360000 0.000000
56.380000 0.000000
56.400000 0.000000
56.420000 0.000000
56.440000 0.000000
56.460000 0.000000
56.480000 0.000000
56.500000 0.000000
56.520000 0.000000
56.540000 0.000000
56.560000 0.000000
56.580000 0.000000
56.600000 0.000000
56.620000 0.000000
56.640000 0.000000
56.660000 0.000000
56.680000 0.000000
56.700000 0.000000
56.720000 0.000000
56.740000 0.000000
56.760000 0.000000
56.780000 0.000000
56.800000 0.000000
56.820000 0.000000
56.840000 0.000000
56.860000 0.000000
56.880000 0.000000
56.900000 0.000000
56.920000 0.000000
56.940000 0.000000
56.960000 0.000000
56.980000 0.000000
57.000000 0.000000
57.020000 0.000000
57.040000 0.000000
57.060000 0.000000
57.080000 0.000000
57.100000 0.000000
57.120000 0.000000
57.140000 0.000000
57.160000 0.000000
57.180000 0.000000
57.200000 0.000000
57.220000 0.000000
57.240000 0.000000
57.260000 0.000000
57.280000 0.000000
57.300000 0.000000
57.320000 0.000000
57.340000 0.000000
57.360000 0.000000
57.380000 0.000000
57.400000 0.000000
57.420000 0.000000
57.440000 0.000000
57.460000 0.000000
57.480000 0.000000
57.500000 0.000000
57.520000 0.000000
57.540000 0.000000
57.560000 0.000000
57.580000 0.000000
57.600000 0.000000
57.620000 0.000000
57.640000 0.000000
57.660000 0.000000
57.680000 0.000000
57.700000 0.000000
57.720000 0.000000
57.740000 0.000000
57.760000 0.000000
57.780000 0.000000
57.800000 0.000000
57.820000 0.000000
57.840000 0.000000
57.860000 0.000000
57.880000 0.000000
57.900000 0.000000
57.920000 0.000000
57.940000 0.000000
57.960000 0.000000
57.980000 0.000000
58.000000 0.000000
58.020000 0.000000
58.040000 0.000000
58.060000 0.000000
58.080000 0.000000
58.100000 0.000000
58.120000 0.000000
58.140000 0.000000
58.160000 0.000000
58.180000 0.000000
58.200000 0.000000
58.220000 0.000000
58.240000 0.000000
58.260000 0.000000
58.280000 0.000000
58.300000 0.000000
58.320000 0.000000
58.340000 0.000000
58.360000 0.000000
58.380000 0.000000
58.400000 0.000000
58.420000 0.000000
58.440000 0.000000
58.460000 0.000000
58.480000 0.000000
58.500000 0.000000
58.520000 0.000000
58.540000 0.000000
58.560000 0.000000
58.580000 0.000000
58.600000 0.000000
58.620000 0.000000
58.640000 0.000000
58.660000 0.000000
58.680000 0.000000
58.700000 0.000000
58.720000 0.000000
58.740000 0.000000
58.760000 0.000000
58.780000 0.000000
58.800000 0.000000
58.820000 0.000000
58.840000 0.000000
58.860000 0.000000
58.880000 0.000000
58.900000 0.000000
58.920000 0.000000
58.940000 0.000000
58.960000 0.000000
58.980000 0.000000
59.000000 0.000000
59.020000 0.000000
59.040000 0.000000
59.060000 0.000000
59.080000 0.000000
59.100000 0.000000
59.120000 0.000000
59.140000 0.000000
59.160000 0.000000
59.180000 0.000000
59.200000 0.000000
59.220000 0.000000
59.240000 0.000000
59.260000 0.000000
59.280000 0.000000
59.300000 0.000000
59.320000 0.000000
59.340000 0.000000
59.360000 0.000000
59.380000 0.000000
59.400000 0.000000
59.420000 0.000000
59.440000 0.000000
59.460000 0.000000
59.480000 0.000000
59.500000 0.000000
59.520000 0.000000
59.540000 0.000000
59.560000 0.000000
59.580000 0.000000
59.600000 0.000000
59.620000 0.000000
59.640000 0.000000
59.660000 0.000000
59.680000 0.000000
59.700000 0.000000
59.720000 0.000000
59.740000 0.000000
59.760000 0.000000
59.780000 0.000000
59.800000 0.000000
59.820000 0.000000
59.840000 0.000000
59.860000 0.000000
59.880000 0.000000
59.900000 0.000000
59.920000 0.000000
59.940000 0.000000
59.960000 0.000000
59.980000 0.000000
60.000000 0.000000
60.020000 0.000000
60.040000 0.000000
60.060000 0.000000
60.080000 0.000000
60.100000 0.000000
60.120000 0.000000
60.140000 0.000000
60.160000 0.000000
60.180000 0.000000
60.200000 0.000000
60.220000 0.000000
60.240000 0.000000
60.260000 0.000000
60.280000 0.000000
60.300000 0.000000
60.320000 0.000000
60.340000 0.000000
60.360000 0.000000
60.380000 0.000000
60.400000 0.000000
60.420000 0.000000
60.440000 0.000000
60.460000 0.000000
60.480000 0.000000
60.500000 0.000000
60.520000 0.000000
60.540000 0.000000
60.560000 0.000000
60.580000 0.000000
60.600000 0.000000
60.620000 0.000000
60.640000 0.000000
60.660000 0.000000
60.680000 0.000000
60.700000 0.000000
60.720000 0.000000
60.740000 0.000000
60.760000 0.000000
60.780000 0.000000
60.800000 0.000000
60.820000 0.000000
60.840000 0.000000
60.860000 0.000000
60.880000 0.000000
60.900000 0.000000
60.920000 0.000000
60.940000 0.000000
60.960000 0.000000
60.980000 0.000000
61.000000 0.000000
61.020000 0.000000
61.040000 0.000000
61.060000 0.000000
61.080000 0.000000
61.100000 0.000000
61.120000 0.000000
61.140000 0.000000
61.160000 0.000000
61.180000 0.000000
61.200000 0.000000
61.220000 0.000000
61.240000 0.000000
61.260000 0.000000
61.280000 0.000000
61.300000 0.000000
61.320000 0.000000
61.340000 0.000000
61.360000 0.000000
61.380000 0.000000
61.400000 0.000000
61.420000 0.000000
61.440000 0.000000
61.460000 0.000000
61.480000 0.000000
61.500000 0.000000
61.520000 0.000000
61.540000 0.000000
61.560000 0.000000
61.580000 0.000000
61.600000 0.000000
61.620000 0.000000
61.640000 0.000000
61.660000 0.000000
61.680000 0.000000
61.700000 0.000000
61.720000 0.000000
61.740000 0.000000
61.760000 0.000000
61.780000 0.000000
61.800000 0.000000
61.820000 0.000000
61.840000 0.000000
61.860000 0.000000
61.880000 0.000000
61.900000 0.000000
61.920000 -0.000007
61.940000 -0.000007
61.960000 -0.000007
61.980000 -0.000007
62.000000 -0.000007
62.020000 -0.000007
62.040000 -0.000007
62.060000 -0.000007
62.080000 -0.000007
62.100000 -0.000007
62.120000 -0.000007
62.140000 -0.000007
62.160000 -0.000007
62.180000 -0.000007
62.200000 -0.000007
62.220000 -0.000007
62.240000 -0.000007
62.260000 -0.000007
62.280000 -0.000007
62.300000 -0.000007
62.320000 -0.000007
62.340000 -0.000007
62.360000 -0.000007
62.380000 -0.000007
62.400000 -0.000007
62.420000 -0.000007
62.440000 -0.000007
62.460000 -0.000007
62.480000 -0.000007
62.500000 -0.000007
62.520000 -0.000007
62.540000 -0.000007
62.560000 -0.000007
62.580000 -0.000007
62.600000 -0.000007
62.620000 -0.000007
62.640000 -0.000007
62.660000 -0.000007
62.680000 -0.000007
62.700000 -0.000007
62.720000 -0.000007
62.740000 -0.000007
62.760000 -0.000007
62.780000 -0.000007
62.800000 -0.000007
62.820000 -0.000007
62.840000 -0.000007
62.860000 -0.000007
62.880000 -0.000007
62.900000 -0.000007
62.920000 -0.000007
62.940000 -0.000007
62.960000 -0.000007
62.980000 -0.000007
63.000000 -0.000007
63.020000 -0.000007
63.040000 -0.000007
63.060000 -0.000007
63.080000 -0.000007
63.100000 -0.000007
63.120000 -0.000007
63.140000 -0.000007
63.160000 -0.000007
63.180000 -0.000007
63.200000 -0.000007
63.220000 -0.000007
63.240000 -0.000007
63.260000 -0.000007
63.280000 -0.000007
63.300000 -0.000007
63.320000 -0.000007
63.340000 -0.000007
63.360000 -0.000007
63.380000 -0.000007
63.400000 -0.000007
63.420000 -0.000007
63.440000 -0.000007
63.460000 -0.000007
63.480000 -0.000007
63.500000 -0.000007
63.520000 -0.000007
63.540000 -0.000007
63.560000 -0.000007
63.580000 -0.000007
63.600000 -0.000007
63.620000 -0.000007
63.640000 -0.000007
63.660000 -0.000007
63.680000 -0.000007
63.700000 -0.000007
63.720000 -0.000007
63.740000 -0.000007
63.760000 -0.000007
63.780000 -0.000007
63.800000 -0.000007
63.820000 -0.000007
63.840000 -0.000007
63.860000 -0.000007
63.880000 -0.000007
63.900000 -0.000007
63.920000 -0.000007
63.940000 -0.000007
63.960000 -0.000007
63.980000 -0.000007
64.000000 -0.000007
64.020000 -0.000007
64.040000 -0.000007
64.060000 -0.000007
64.080000 -0.000007
64.100000 -0.000007
64.120000 -0.000007
64.140000 -0.000007
64.160000 -0.000007
64.180000 -0.000007
64.200000 -0.000007
64.220000 -0.000007
64.240000 -0.000007
64.260000 -0.000007
64.280000 -0.000007
64.300000 -0.000007
64.320000 -0.000007
64.340000 -0.000007
64.360000 -0.000007
64.380000 -0.000007
64.400000 -0.000007
64.420000 -0.000007
64.440000 -0.000007
64.460000 -0.000007
64.480000 -0.000007
64.500000 -0.000007
64.520000 -0.000007
64.540000 -0.000007
64.560000 -0.000007
64.580000 -0.000007
64.600000 -0.000007
64.620000 -0.000007
64.640000 -0.000007
64.660000 -0.000007
64.680000 -0.000007
64.700000 -0.000007
64.720000 -0.000007
64.740000 -0.000007
64.760000 -0.000007
64.780000 -0.000007
64.800000 -0.000007
64.820000 -0.000007
64.840000 -0.000007
64.860000 -0.000007
64.880000 -0.000007
64.900000 -0.000007
64.920000 -0.000007
64.940000 -0.000007
64.960000 -0.000007
64.980000 -0.000007
65.000000 -0.000007
65.020000 -0.000007
65.040000 -0.000007
65.060000 -0.000007
65.080000 -0.000007
65.100000 -0.000007
65.120000 -0.000007
65.140000 -0.000007
65.160000 -0.000007
65.180000 -0.000007
65.200000 -0.000007
65.220000 -0.000007
65.240000 -0.000007
65.260000 -0.000007
65.280000 -0.000007
65.300000 -0.000007
65.320000 -0.000007
65.340000 -0.000007
65.360000 -0.000007
65.380000 -0.000007
65.400000 -0.000007
65.420000 -0.000007
65.440000 -0.000007
65.460000 -0.000007
65.480000 -0.000007
65.500000 -0.000007
65.520000 -0.000007
65.540000 -0.000007
65.560000 -0.000007
65.580000 -0.000007
65.600000 -0.000007
65.620000 -0.000007
65.640000 -0.000007
65.660000 -0.000007
65.680000 -0.000007
65.700000 -0.000007
65.720000 -0.000007
65.740000 -0.000007
65.760000 -0.000007
65.780000 -0.000007
65.800000 -0.000007
65.820000 -0.000007
65.840000 -0.000007
65.860000 -0.000007
65.880000 -0.000007
65.900000 -0.000007
65.920000 -0.000007
65.940000 -0.000007
65.960000 -0.000007
65.980000 -0.000007
66.000000 -0.000007
66.020000 -0.000007
66.040000 -0.000007
66.060000 -0.000007
66.080000 -0.000007
66.100000 -0.000007
66.120000 -0.000007
66.140000 -0.000007
66.160000 -0.000007
66.180000 -0.000007
66.200000 -0.000007
66.220000 -0.000007
66.240000 -0.000007
66.260000 -0.000007
66.280000 -0.000007
66.300000 -0.000007
66.320000 -0.000007
66.340000 -0.000007
66.360000 -0.000007
66.380000 -0.000007
66.400000 -0.000007
66.420000 -0.000007
66.440000 -0.000007
66.460000 -0.000007
66.480000 -0.000007
66.500000 -0.000007
66.520000 -0.000007
66.540000 -0.000007
66.560000 -0.000007
66.580000 -0.000007
66.600000 -0.000007
66.620000 -0.000007
66.640000 -0.000007
66.660000 -0.000007
66.680000 -0.000007
66.700000 -0.000007
66.720000 -0.000007
66.740000 -0.000007
66.760000 -0.000007
66.780000 -0.000007
66.800000 -0.000007
66.820000 -0.000007
66.840000 -0.000007
66.860000 -0.000007
66.880000 -0.000007
66.900000 -0.000007
66.920000 -0.000007
66.940000 -0.000007
66.960000 -0.000007
66.980000 -0.000007
67.000000 -0.000007
67.020000 -0.000007
67.040000 -0.000007
67.060000 -0.000007
67.080000 -0.000007
67.100000 -0.000007
67.120000 -0.000007
67.140000 -0.000007
67.160000 -0.000007
67.180000 -0.000007
67.200000 -0.000007
67.220000 -0.000007
67.240000 -0.000007
67.260000 -0.000007
67.280000 -0.000007
67.300000 -0.000007
67.320000 -0.000007
67.340000 -0.000007
67.360000 -0.000007
67.380000 -0.000007
67.400000 -0.000007
67.420000 -0.000007
67.440000 -0.000007
67.460000 -0.000007
67.480000 -0.000007
67.500000 -0.000007
67.520000 -0.000007
67.540000 -0.000007
67.560000 -0.000007
67.580000 -0.000007
67.600000 -0.000007
67.620000 -0.000007
67.640000 -0.000007
67.660000 -0.000007
67.680000 -0.000007
67.700000 -0.000007
67.720000 -0.000007
67.740000 -0.000007
67.760000 -0.000007
67.780000 -0.000007
67.800000 -0.000007
67.820000 -0.000007
67.840000 -0.000007
67.860000 -0.000007
67.880000 -0.000007
67.900000 -0.000007
67.920000 -0.000007
67.940000 -0.000007
67.960000 -0.000007
67.980000 -0.000007
68.000000 -0.000007
68.020000 -0.000007
68.040000 -0.000007
68.060000 -0.000007
68.080000 -0.000007
68.100000 -0.000007
68.120000 -0.000007
68.140000 -0.000007
68.160000 -0.000007
68.180000 -0.000007
68.200000 -0.000007
68.220000 -0.000007
68.240000 -0.000007
68.260000 -0.000007
68.280000 -0.000007
68.300000 -0.000007
68.320000 -0.000007
68.340000 -0.000007
68.360000 -0.000007
68.380000 -0.000007
68.400000 -0.000007
68.420000 -0.000007
68.440000 -0.000007
68.460000 -0.000007
68.480000 -0.000007
68.500000 -0.000007
68.520000 -0.000007
68.540000 -0.000007
68.560000 -0.000007
68.580000 -0.000007
68.600000 -0.000007
68.620000 -0.000007
68.640000 -0.000007
68.660000 -0.000007
68.680000 -0.000007
68.700000 -0.000007
68.720000 -0.000007
68.740000 -0.000007
68.760000 -0.000007
68.780000 -0.000007
68.800000 -0.000007
68.820000 -0.000007
68.840000 -0.000007
68.860000 -0.000007
68.880000 -0.000007
68.900000 -0.000007
68.920000 -0.000007
68.940000 -0.000007
68.960000 -0.000007
68.980000 -0.000007
69.000000 -0.000007
69.020000 -0.000007
69.040000 -0.000007
69.060000 -0.000007
69.080000 -0.000007
69.100000 -0.000007
69.120000 -0.000007
69.140000 -0.000007
69.160000 -0.000007
69.180000 -0.000007
69.200000 -0.000007
69.220000 -0.000007
69.240000 -0.000007
69.260000 -0.000007
69.280000 -0.000007
69.300000 -0.000007
69.320000 -0.000007
69.340000 -0.000007
69.360000 -0.000007
69.380000 -0.000007
69.400000 -0.000007
69.420000 -0.000007
69.440000 -0.000007
69.460000 -0.000007
69.480000 -0.000007
69.500000 -0.000007
69.520000 -0.000007
69.540000 -0.000007
69.560000 -0.000007
69.580000 -0.000007
69.600000 -0.000007
69.620000 -0.000007
69.640000 -0.000007
69.660000 -0.000007
69.680000 -0.000007
69.700000 -0.000007
69.720000 -0.000007
69.740000 -0.000007
69.760000 -0.000007
69.780000 -0.000007
69.800000 -0.000007
69.820000 -0.000007
69.840000 -0.000007
69.860000 -0.000007
69.880000 -0.000007
69.900000 -0.000007
69.920000 -0.000007
69.940000 -0.000007
69.960000 -0.000007
69.980000 -0.000007
70.000000 -0.000007
70.020000 -0.000007
70.040000 -0.000007
70.060000 -0.000007
70.080000 -0.000007
70.100000 -0.000007
70.120000 -0.000007
70.140000 -0.000007
70.160000 -0.000007
70.180000 -0.000007
70.200000 -0.000007
70.220000 -0.000007
70.240000 -0.000007
70.260000 -0.000007
70.280000 -0.000007
70.300000 -0.000007
70.320000 -0.000007
70.340000 -0.000007
70.360000 -0.000007
70.380000 -0.000007
70.400000 -0.000007
70.420000 -0.000007
70.440000 -0.000007
70.460000 -0.000007
70.480000 -0.000007
70.500000 -0.000007
70.520000 -0.000007
70.540000 -0.000007
70.560000 -0.000007
70.580000 -0.000007
70.600000 -0.000007
70.620000 -0.000007
70.640000 -0.000007
70.660000 -0.000007
70.680000 -0.000007
70.700000 -0.000007
70.720000 -0.000007
70.740000 -0.000007
70.760000 -0.000007
70.780000 -0.000007
70.800000 -0.000007
70.820000 -0.000007
70.840000 -0.000007
70.860000 -0.000007
70.880000 -0.000007
70.900000 -0.000007
70.920000 -0.000007
70.940000 -0.000007
70.960000 -0.000007
70.980000 -0.000007
71.000000 -0.000007
71.020000 -0.000007
71.040000 -0.000007
71.060000 -0.000007
71.080000 -0.000007
71.100000 -0.000007
71.120000 -0.000007
71.140000 -0.000007
71.160000 -0.000007
71.180000 -0.000007
71.200000 -0.000007
71.220000 -0.000007
71.240000 -0.000007
71.260000 -0.000007
71.280000 -0.000007
71.300000 -0.000007
71.320000 -0.000007
71.340000 -0.000007
71.360000 -0.000007
71.380000 -0.000007
71.400000 -0.000007
71.420000 -0.000007
71.440000 -0.000007
71.460000 -0.000007
71.480000 -0.000007
71.500000 -0.000007
71.520000 -0.000007
71.540000 -0.000007
71.560000 -0.000007
71.580000 -0.000007
71.600000 -0.000007
71.620000 -0.000007
71.640000 -0.000007
71.660000 -0.000007
71.680000 -0.000007
71.700000 -0.000007
71.720000 -0.000007
71.740000 -0.000007
71.760000 -0.000007
71.780000 -0.000007
71.800000 -0.000007
71.820000 -0.000007
71.840000 -0.000007
71.860000 -0.000007
71.880000 -0.000007
71.900000 -0.000007
71.920000 -0.000007
71.940000 -0.000007
71.960000 -0.000007
71.980000 -0.000007
72.000000 -0.000007
72.020000 -0.000007
72.040000 -0.000007
72.060000 -0.000007
72.080000 -0.000007
72.100000 -0.000007
72.120000 -0.000007
72.140000 -0.000007
72.160000 -0.000007
72.180000 -0.000007
72.200000 -0.000007
72.220000 -0.000007
72.240000 -0.000007
72.260000 -0.000007
72.280000 -0.000007
72.300000 -0.000007
72.320000 -0.000007
72.340000 -0.000007
72.360000 -0.000007
72.380000 -0.000007
72.400000 -0.000007
72.420000 -0.000007
72.440000 -0.000007
72.460000 -0.000007
72.480000 -0.000007
72.500000 -0.000007
72.520000 -0.000007
72.540000 -0.000007
72.560000 -0.000007
72.580000 -0.000007
72.600000 -0.000007
72.620000 -0.000007
72.640000 -0.000007
72.660000 -0.000007
72.680000 -0.000007
72.700000 -0.000007
72.720000 -0.000007
72.740000 -0.000007
72.760000 -0.000007
72.780000 -0.000007
72.800000 -0.000007
72.820000 -0.000007
72.840000 -0.000007
72.860000 -0.000007
72.880000 -0.000007
72.900000 -0.000007
72.920000 -0.000007
72.940000 -0.000007
72.960000 -0.000007
72.980000 -0.000007
73.000000 -0.000007
73.020000 -0.000007
73.040000 -0.000007
73.060000 -0.000007
73.080000 -0.000007
73.100000 -0.000007
73.120000 -0.000007
73.140000 -0.000007
73.160000 -0.000007
73.180000 -0.000007
73.200000 -0.000007
73.220000 -0.000007
73.240000 -0.000007
73.260000 -0.000007
73.280000 -0.000007
73.300000 -0.000007
73.320000 -0.000007
73.340000 -0.000007
73.360000 -0.000007
73.380000 -0.000007
73.400000 -0.000007
73.420000 -0.000007
73.440000 -0.000007
73.460000 -0.000007
73.480000 -0.000007
73.500000 -0.000007
73.520000 -0.000007
73.540000 -0.000007
73.560000 -0.000007
73.580000 -0.000007
73.600000 -0.000007
73.620000 -0.000007
73.640000 -0.000007
73.660000 -0.000007
73.680000 -0.000007
73.700000 -0.000007
73.720000 -0.000007
73.740000 -0.000007
73.760000 -0.000007
73.780000 -0.000007
73.800000 -0.000051
73.820000 -0.000051
73.840000 -0.000051
73.860000 -0.000051
73.880000 -0.000051
73.900000 -0.000051
73.920000 -0.000051
73.940000 -0.000051
73.960000 -0.000051
73.980000 -0.000051
74.000000 -0.000051
74.020000 -0.000051
74.040000 -0.000051
74.060000 -0.000051
74.080000 -0.000051
74.100000 -0.000051
74.120000 -0.000051
74.140000 -0.000051
74.160000 -0.000051
74.180000 -0.000051
74.200000 -0.000051
74.220000 -0.000051
74.240000 -0.000051
74.260000 -0.000051
74.280000 -0.000051
74.300000 -0.000051
74.320000 -0.000051
74.340000 -0.000051
74.360000 -0.000051
74.380000 -0.000051
74.400000 -0.000051
74.420000 -0.000051
74.440000 -0.000051
74.460000 -0.000051
74.480000 -0.000051
74.500000 -0.000051
74.520000 -0.000051
74.540000 -0.000051
74.560000 -0.000051
74.580000 -0.000051
74.600000 -0.000063
74.620000 -0.000063
74.640000 -0.000063
74.660000 -0.000063
74.680000 -0.000063
74.700000 -0.000063
74.720000 -0.000063
74.740000 -0.000063
74.760000 -0.000063
74.780000 -0.000063
74.800000 -0.000085
74.820000 -0.000085
74.840000 -0.000085
74.860000 -0.000085
74.880000 -0.000085
74.900000 -0.000085
74.920000 -0.000085
74.940000 -0.000085
74.960000 -0.000085
74.980000 -0.000085
75.000000 -0.000085
75.020000 -0.000085
75.040000 -0.000085
75.060000 -0.000085
75.080000 -0.000085
75.100000 -0.000085
75.120000 -0.000085
75.140000 -0.000085
75.160000 -0.000085
75.180000 -0.000085
75.200000 -0.000085
75.220000 -0.000085
75.240000 -0.000085
75.260000 -0.000085
75.280000 -0.000090
75.300000 -0.000090
75.320000 -0.000090
75.340000 -0.000090
75.360000 -0.000090
75.380000 -0.000090
75.400000 -0.000090
75.420000 -0.000090
75.440000 -0.000090
75.460000 -0.000090
75.480000 -0.000090
75.500000 -0.000090
75.520000 -0.000090
75.540000 -0.000090
75.560000 -0.000090
75.580000 -0.000090
75.600000 -0.000090
75.620000 -0.000090
75.640000 -0.000090
75.660000 -0.000090
75.680000 -0.000090
75.700000 -0.000090
75.720000 -0.000090
75.740000 -0.000090
75.760000 -0.000090
75.780000 -0.000090
75.800000 -0.000090
75.820000 -0.000090
75.840000 -0.000090
75.860000 -0.000090
75.880000 -0.000090
75.900000 -0.000090
75.920000 -0.000090
75.940000 -0.000090
75.960000 -0.000090
75.980000 -0.000090
76.000000 -0.000090
76.020000 -0.000090
76.040000 -0.000090
76.060000 -0.000090
76.080000 -0.000090
76.100000 -0.000090
76.120000 -0.000090
76.140000 -0.000090
76.160000 -0.000090
76.180000 -0.000090
76.200000 -0.000090
76.220000 -0.000090
76.240000 -0.000090
76.260000 -0.000090
76.280000 -0.000090
76.300000 -0.000090
76.320000 -0.000090
76.340000 -0.000090
76.360000 -0.000102
76.380000 -0.000102
76.400000 -0.000102
76.420000 -0.000102
76.440000 -0.000102
76.460000 -0.000102
76.480000 -0.000102
76.500000 -0.000102
76.520000 -0.000102
76.540000 -0.000102
76.560000 -0.000102
76.580000 -0.000102
76.600000 -0.000102
76.620000 -0.000104
76.640000 -0.000104
76.660000 -0.000104
76.680000 -0.000104
76.700000 -0.000104
76.720000 -0.000104
76.740000 -0.000104
76.760000 -0.000104
76.780000 -0.000104
76.800000 -0.000104
76.820000 -0.000104
76.840000 -0.000104
76.860000 -0.000104
76.880000 -0.000104
76.900000 -0.000104
76.920000 -0.000104
76.940000 -0.000104
76.960000 -0.000114
76.980000 -0.000114
77.000000 -0.000114
77.020000 -0.000114
77.040000 -0.000114
77.060000 -0.000114
77.080000 -0.000114
77.100000 -0.000114
77.120000 -0.000114
77.140000 -0.000114
77.160000 -0.000114
77.180000 -0.000114
77.200000 -0.000114
77.220000 -0.000114
77.240000 -0.000114
77.260000 -0.000114
77.280000 -0.000114
77.300000 -0.000114
77.320000 -0.000114
77.340000 -0.000114
77.360000 -0.000114
77.380000 -0.000114
77.400000 -0.000114
77.420000 -0.000114
77.440000 -0.000114
77.460000 -0.000114
77.480000 -0.000114
77.500000 -0.000124
77.520000 -0.000124
77.540000 -0.000124
77.560000 -0.000124
77.580000 -0.000124
77.600000 -0.000124
77.620000 -0.000124
77.640000 -0.000124
77.660000 -0.000129
77.680000 -0.000129
77.700000 -0.000129
77.720000 -0.000129
77.740000 -0.000141
77.760000 -0.000141
77.780000 -0.000141
77.800000 -0.000141
77.820000 -0.000141
77.840000 -0.000141
77.860000 -0.000141
77.880000 -0.000141
77.900000 -0.000141
77.920000 -0.000141
77.940000 -0.000141
77.960000 -0.000141
77.980000 -0.000141
78.000000 -0.000141
78.020000 -0.000141
78.040000 -0.000141
78.060000 -0.000141
78.080000 -0.000141
78.100000 -0.000141
78.120000 -0.000141
78.140000 -0.000141
78.160000 -0.000141
78.180000 -0.000141
78.200000 -0.000141
78.220000 -0.000141
78.240000 -0.000141
78.260000 -0.000141
78.280000 -0.000141
78.300000 -0.000141
78.320000 -0.000141
78.340000 -0.000141
78.360000 -0.000141
78.380000 -0.000141
78.400000 -0.000141
78.420000 -0.000141
78.440000 -0.000141
78.460000 -0.000141
78.480000 -0.000141
78.500000 -0.000141
78.520000 -0.000141
78.540000 -0.000141
78.560000 -0.000141
78.580000 -0.000141
78.600000 -0.000141
78.620000 -0.000141
78.640000 -0.000141
78.660000 -0.000141
78.680000 -0.000141
78.700000 -0.000155
78.720000 -0.000160
78.740000 -0.000160
78.760000 -0.000160
78.780000 -0.000160
78.800000 -0.000160
78.820000 -0.000163
78.840000 -0.000163
78.860000 -0.000175
78.880000 -0.000175
78.900000 -0.000175
78.920000 -0.000201
78.940000 -0.000201
78.960000 -0.000201
78.980000 -0.000238
79.000000 -0.000238
79.020000 -0.000238
79.040000 -0.000243
79.060000 -0.000243
79.080000 -0.000243
79.100000 -0.000248
79.120000 -0.000248
79.140000 -0.000248
79.160000 -0.000248
79.180000 -0.000248
79.200000 -0.000248
79.220000 -0.000248
79.240000 -0.000248
79.260000 -0.000519
79.280000 -0.000519
79.300000 -0.000519
79.320000 -0.000519
79.340000 -0.000519
79.360000 -0.000519
79.380000 -0.000519
79.400000 -0.000519
79.420000 -0.000519
79.440000 -0.000519
79.460000 -0.000519
79.480000 -0.000519
79.500000 -0.000519
79.520000 -0.000519
79.540000 -0.000519
79.560000 -0.000519
79.580000 -0.000519
79.600000 -0.000521
79.620000 -0.000521
79.640000 -0.000522
79.660000 -0.000522
79.680000 -0.000522
79.700000 -0.000524
79.720000 -0.000524
79.740000 -0.000524
79.760000 -0.000524
79.780000 -0.000524
79.800000 -0.000524
79.820000 -0.000524
79.840000 -0.000524
79.860000 -0.000524
79.880000 -0.000527
79.900000 -0.000539
79.920000 -0.000581
79.940000 -0.000581
79.960000 -0.000581
79.980000 -0.000581
80.000000 -0.000581
80.020000 -0.000581
80.040000 -0.000640
80.060000 -0.000640
80.080000 -0.000640
80.100000 -0.000640
80.120000 -0.000640
80.140000 -0.000643
80.160000 -0.000646
80.180000 -0.000646
80.200000 -0.000651
80.220000 -0.000652
80.240000 -0.000654
80.260000 -0.000654
80.280000 -0.000660
80.300000 -0.000660
80.320000 -0.000660
80.340000 -0.000660
80.360000 -0.000660
80.380000 -0.000660
80.400000 -0.000660
80.420000 -0.000723
80.440000 -0.000725
80.460000 -0.000725
80.480000 -0.000725
80.500000 -0.000725
80.520000 -0.000725
80.540000 -0.000725
80.560000 -0.000725
80.580000 -0.000725
80.600000 -0.000725
80.620000 -0.000725
80.640000 -0.000725
80.660000 -0.000728
80.680000 -0.000729
80.700000 -0.000729
80.720000 -0.000730
80.740000 -0.000733
80.760000 -0.000742
80.780000 -0.000747
80.800000 -0.000747
80.820000 -0.000747
80.840000 -0.000748
80.860000 -0.000753
80.880000 -0.000753
80.900000 -0.000753
80.920000 -0.000757
80.940000 -0.000757
80.960000 -0.000759
80.980000 -0.000759
81.000000 -0.000771
81.020000 -0.000771
81.040000 -0.000771
81.060000 -0.000771
81.080000 -0.000771
81.100000 -0.000774
81.120000 -0.000774
81.140000 -0.000781
81.160000 -0.000781
81.180000 -0.000801
81.200000 -0.000809
81.220000 -0.000809
81.240000 -0.000853
81.260000 -0.000858
81.280000 -0.000870
81.300000 -0.000870
81.320000 -0.000870
81.340000 -0.000883
81.360000 -0.000883
81.380000 -0.000883
81.400000 -0.000887
81.420000 -0.000898
81.440000 -0.000901
81.460000 -0.000912
81.480000 -0.000917
81.500000 -0.000917
81.520000 -0.000934
81.540000 -0.000946
81.560000 -0.000946
81.580000 -0.000946
81.600000 -0.000946
81.620000 -0.000951
81.640000 -0.000978
81.660000 -0.000986
81.680000 -0.000992
81.700000 -0.000992
81.720000 -0.001002
81.740000 -0.001012
81.760000 -0.001035
81.780000 -0.001035
81.800000 -0.001035
81.820000 -0.001044
81.840000 -0.001051
81.860000 -0.001051
81.880000 -0.001099
81.900000 -0.001105
81.920000 -0.001105
81.940000 -0.001126
81.960000 -0.001127
81.980000 -0.001141
82.000000 -0.001154
82.020000 -0.001154
82.040000 -0.001172
82.060000 -0.001194
82.080000 -0.001215
82.100000 -0.001235
82.120000 -0.001235
82.140000 -0.001251
82.160000 -0.001265
82.180000 -0.001266
82.200000 -0.001287
82.220000 -0.001329
82.240000 -0.001339
82.260000 -0.001346
82.280000 -0.001362
82.300000 -0.001362
82.320000 -0.001362
82.340000 -0.001378
82.360000 -0.001419
82.380000 -0.001424
82.400000 -0.001452
82.420000 -0.001452
82.440000 -0.001507
82.460000 -0.001507
82.480000 -0.001511
82.500000 -0.001511
82.520000 -0.001511
82.540000 -0.001532
82.560000 -0.001542
82.580000 -0.001545
82.600000 -0.001547
82.620000 -0.001547
82.640000 -0.001562
82.660000 -0.001570
82.680000 -0.001581
82.700000 -0.001586
82.720000 -0.001604
82.740000 -0.001610
82.760000 -0.001612
82.780000 -0.001612
82.800000 -0.001613
82.820000 -0.001616
82.840000 -0.001628
82.860000 -0.001643
82.880000 -0.001643
82.900000 -0.001683
82.920000 -0.001683
82.940000 -0.001683
82.960000 -0.001697
82.980000 -0.001722
83.000000 -0.001727
83.020000 -0.001735
83.040000 -0.001739
83.060000 -0.001741
83.080000 -0.001753
83.100000 -0.001757
83.120000 -0.001796
83.140000 -0.001835
83.160000 -0.001835
83.180000 -0.001844
83.200000 -0.001852
83.220000 -0.001858
83.240000 -0.001866
83.260000 -0.001902
83.280000 -0.001908
83.300000 -0.001949
83.320000 -0.001950
83.340000 -0.001951
83.360000 -0.001958
83.380000 -0.001983
83.400000 -0.001984
83.420000 -0.001984
83.440000 -0.002004
83.460000 -0.002011
83.480000 -0.002011
83.500000 -0.002011
83.520000 -0.002050
83.540000 -0.002073
83.560000 -0.002074
83.580000 -0.002129
83.600000 -0.002136
83.620000 -0.002138
83.640000 -0.002142
83.660000 -0.002156
83.680000 -0.002204
83.700000 -0.002232
83.720000 -0.002293
83.740000 -0.002293
83.760000 -0.002294
83.780000 -0.002294
83.800000 -0.002304
83.820000 -0.002342
83.840000 -0.002369
83.860000 -0.002369
83.880000 -0.002408
83.900000 -0.002409
83.920000 -0.002412
83.940000 -0.002429
83.960000 -0.002432
83.980000 -0.002439
84.000000 -0.002478
84.020000 -0.002483
84.040000 -0.002483
84.060000 -0.002490
84.080000 -0.002546
84.100000 -0.002546
84.120000 -0.002583
84.140000 -0.002586
84.160000 -0.002614
84.180000 -0.002617
84.200000 -0.002634
84.220000 -0.002641
84.240000 -0.002652
84.260000 -0.002707
84.280000 -0.002711
84.300000 -0.002715
84.320000 -0.002728
84.340000 -0.002756
84.360000 -0.002769
84.380000 -0.002779
84.400000 -0.002808
84.420000 -0.002885
84.440000 -0.002898
84.460000 -0.002907
84.480000 -0.002976
84.500000 -0.002981
84.520000 -0.002994
84.540000 -0.003011
84.560000 -0.003027
84.580000 -0.003028
84.600000 -0.003029
84.620000 -0.003076
84.640000 -0.003085
84.660000 -0.003120
84.680000 -0.003171
84.700000 -0.003206
84.720000 -0.003267
84.740000 -0.003272
84.760000 -0.003303
84.780000 -0.003317
84.800000 -0.003341
84.820000 -0.003362
84.840000 -0.003372
84.860000 -0.003429
84.880000 -0.003489
84.900000 -0.003491
84.920000 -0.003491
84.940000 -0.003526
84.960000 -0.003560
84.980000 -0.003590
85.000000 -0.003593
85.020000 -0.003604
85.040000 -0.003615
85.060000 -0.003616
85.080000 -0.003654
85.100000 -0.003672
85.120000 -0.003704
85.140000 -0.003709
85.160000 -0.003709
85.180000 -0.003724
85.200000 -0.003737
85.220000 -0.003760
85.240000 -0.003774
85.260000 -0.003836
85.280000 -0.003842
85.300000 -0.003925
85.320000 -0.003942
85.340000 -0.003944
85.360000 -0.003990
85.380000 -0.004014
85.400000 -0.004037
85.420000 -0.004066
85.440000 -0.004081
85.460000 -0.004113
85.480000 -0.004132
85.500000 -0.004170
85.520000 -0.004217
85.540000 -0.004241
85.560000 -0.004259
85.580000 -0.004269
85.600000 -0.004283
85.620000 -0.004366
85.640000 -0.004407
85.660000 -0.004460
85.680000 -0.004511
85.700000 -0.004586
85.720000 -0.004641
85.740000 -0.004678
85.760000 -0.004744
85.780000 -0.004834
85.800000 -0.004868
85.820000 -0.004873
85.840000 -0.004888
85.860000 -0.004940
85.880000 -0.004946
85.900000 -0.004966
85.920000 -0.004979
85.940000 -0.004990
85.960000 -0.005061
85.980000 -0.005106
86.000000 -0.005119
86.020000 -0.005141
86.040000 -0.005167
86.060000 -0.005296
86.080000 -0.005305
86.100000 -0.005332
86.120000 -0.005396
86.140000 -0.005412
86.160000 -0.005466
86.180000 -0.005617
86.200000 -0.005621
86.220000 -0.005650
86.240000 -0.005698
86.260000 -0.005758
86.280000 -0.005796
86.300000 -0.005839
86.320000 -0.005912
86.340000 -0.005981
86.360000 -0.006012
86.380000 -0.006068
86.400000 -0.006091
86.420000 -0.006134
86.440000 -0.006154
86.460000 -0.006235
86.480000 -0.006259
86.500000 -0.006352
86.520000 -0.006395
86.540000 -0.006461
86.560000 -0.006491
86.580000 -0.006579
86.600000 -0.006591
86.620000 -0.006632
86.640000 -0.006644
86.660000 -0.006665
86.680000 -0.006705
86.700000 -0.006748
86.720000 -0.006809
86.740000 -0.006840
86.760000 -0.006867
86.780000 -0.006940
86.800000 -0.006979
86.820000 -0.007013
86.840000 -0.007087
86.860000 -0.007156
86.880000 -0.007223
86.900000 -0.007276
86.920000 -0.007311
86.940000 -0.007373
86.960000 -0.007418
86.980000 -0.007480
87.000000 -0.007522
87.020000 -0.007565
87.040000 -0.007659
87.060000 -0.007734
87.080000 -0.007787
87.100000 -0.007843
87.120000 -0.007885
87.140000 -0.007937
87.160000 -0.008018
87.180000 -0.008072
87.200000 -0.008119
87.220000 -0.008180
87.240000 -0.008238
87.260000 -0.008273
87.280000 -0.008317
87.300000 -0.008359
87.320000 -0.008408
87.340000 -0.008446
87.360000 -0.008528
87.380000 -0.008615
87.400000 -0.008660
87.420000 -0.008716
87.440000 -0.008802
87.460000 -0.008839
87.480000 -0.008957
87.500000 -0.009014
87.520000 -0.009100
87.540000 -0.009153
87.560000 -0.009248
87.580000 -0.009291
87.600000 -0.009356
87.620000 -0.009381
87.640000 -0.009427
87.660000 -0.009479
87.680000 -0.009565
87.700000 -0.009692
87.720000 -0.009830
87.740000 -0.009882
87.760000 -0.010020
87.780000 -0.010088
87.800000 -0.010160
87.820000 -0.010232
87.840000 -0.010340
87.860000 -0.010470
87.880000 -0.010616
87.900000 -0.010714
87.920000 -0.010865
87.940000 -0.010910
87.960000 -0.010973
87.980000 -0.011128
88.000000 -0.011219
88.020000 -0.011370
88.040000 -0.011431
88.060000 -0.011574
88.080000 -0.011653
88.100000 -0.011715
88.120000 -0.011822
88.140000 -0.011921
88.160000 -0.011989
88.180000 -0.012048
88.200000 -0.012088
88.220000 -0.012223
88.240000 -0.012358
88.260000 -0.012417
88.280000 -0.012483
88.300000 -0.012587
88.320000 -0.012667
88.340000 -0.012779
88.360000 -0.012894
88.380000 -0.012940
88.400000 -0.013079
88.420000 -0.013272
88.440000 -0.013371
88.460000 -0.013485
88.480000 -0.013569
88.500000 -0.013661
88.520000 -0.013741
88.540000 -0.013835
88.560000 -0.013972
88.580000 -0.014108
88.600000 -0.014185
88.620000 -0.014253
88.640000 -0.014494
88.660000 -0.014588
88.680000 -0.014667
88.700000 -0.014852
88.720000 -0.014968
88.740000 -0.015074
88.760000 -0.015198
88.780000 -0.015311
88.800000 -0.015453
88.820000 -0.015528
88.840000 -0.015641
88.860000 -0.015717
88.880000 -0.015783
88.900000 -0.015830
88.920000 -0.015970
88.940000 -0.016147
88.960000 -0.016270
88.980000 -0.016348
89.000000 -0.016511
89.020000 -0.016640
89.040000 -0.016747
89.060000 -0.016839
89.080000 -0.016971
89.100000 -0.017139
89.120000 -0.017275
89.140000 -0.017420
89.160000 -0.017510
89.180000 -0.017742
89.200000 -0.017892
89.220000 -0.018034
89.240000 -0.018205
89.260000 -0.018267
89.280000 -0.018416
89.300000 -0.018531
89.320000 -0.018669
89.340000 -0.018793
89.360000 -0.018936
89.380000 -0.019036
89.400000 -0.019151
89.420000 -0.019256
89.440000 -0.019297
89.460000 -0.019516
89.480000 -0.019660
89.500000 -0.019813
89.520000 -0.019931
89.540000 -0.020076
89.560000 -0.020296
89.580000 -0.020498
89.600000 -0.020685
89.620000 -0.020968
89.640000 -0.021143
89.660000 -0.021324
89.680000 -0.021403
89.700000 -0.021624
89.720000 -0.021819
89.740000 -0.022030
89.760000 -0.022175
89.780000 -0.022334
89.800000 -0.022603
89.820000 -0.022771
89.840000 -0.022996
89.860000 -0.023148
89.880000 -0.023396
89.900000 -0.023596
89.920000 -0.023760
89.940000 -0.024097
89.960000 -0.024193
89.980000 -0.024390
90.000000 -0.024671
90.020000 -0.024899
90.040000 -0.025124
90.060000 -0.025300
90.080000 -0.025439
90.100000 -0.025596
90.120000 -0.025831
90.140000 -0.025992
90.160000 -0.026256
90.180000 -0.026435
90.200000 -0.026713
90.220000 -0.026908
90.240000 -0.027132
90.260000 -0.027312
90.280000 -0.027528
90.300000 -0.027793
90.320000 -0.027963
90.340000 -0.028172
90.360000 -0.028485
90.380000 -0.028749
90.400000 -0.028951
90.420000 -0.029226
90.440000 -0.029464
90.460000 -0.029687
90.480000 -0.030110
90.500000 -0.030409
90.520000 -0.030630
90.540000 -0.030883
90.560000 -0.031112
90.580000 -0.031423
90.600000 -0.031640
90.620000 -0.031790
90.640000 -0.032007
90.660000 -0.032274
90.680000 -0.032510
90.700000 -0.032753
90.720000 -0.032966
90.740000 -0.033164
90.760000 -0.033495
90.780000 -0.033789
90.800000 -0.034124
90.820000 -0.034477
90.840000 -0.034722
90.860000 -0.035056
90.880000 -0.035277
90.900000 -0.035503
90.920000 -0.035752
90.940000 -0.036156
90.960000 -0.036494
90.980000 -0.036885
91.000000 -0.037145
91.020000 -0.037404
91.040000 -0.037732
91.060000 -0.038137
91.080000 -0.038338
91.100000 -0.038632
91.120000 -0.039079
91.140000 -0.039386
91.160000 -0.039689
91.180000 -0.039989
91.200000 -0.040334
91.220000 -0.040731
91.240000 -0.041100
91.260000 -0.041372
91.280000 -0.041724
91.300000 -0.042085
91.320000 -0.042456
91.340000 -0.042773
91.360000 -0.043198
91.380000 -0.043594
91.400000 -0.044123
91.420000 -0.044407
91.440000 -0.044924
91.460000 -0.045452
91.480000 -0.045862
91.500000 -0.046357
91.520000 -0.046833
91.540000 -0.047184
91.560000 -0.047564
91.580000 -0.047922
91.600000 -0.048166
91.620000 -0.048657
91.640000 -0.049009
91.660000 -0.049414
91.680000 -0.049728
91.700000 -0.050161
91.720000 -0.050476
91.740000 -0.050831
91.760000 -0.051263
91.780000 -0.051639
91.800000 -0.052083
91.820000 -0.052573
91.840000 -0.052974
91.860000 -0.053360
91.880000 -0.053712
91.900000 -0.054176
91.920000 -0.054549
91.940000 -0.054999
91.960000 -0.055366
91.980000 -0.055857
92.000000 -0.056284
92.020000 -0.056780
92.040000 -0.057333
92.060000 -0.057779
92.080000 -0.058177
92.100000 -0.058722
92.120000 -0.059238
92.140000 -0.059845
92.160000 -0.060389
92.180000 -0.060801
92.200000 -0.061203
92.220000 -0.061624
92.240000 -0.062137
92.260000 -0.062570
92.280000 -0.063019
92.300000 -0.063541
92.320000 -0.063990
92.340000 -0.064401
92.360000 -0.065129
92.380000 -0.065697
92.400000 -0.066226
92.420000 -0.066813
92.440000 -0.067314
92.460000 -0.068040
92.480000 -0.068482
92.500000 -0.068866
92.520000 -0.069505
92.540000 -0.069995
92.560000 -0.070550
92.580000 -0.071244
92.600000 -0.071740
92.620000 -0.072326
92.640000 -0.072885
92.660000 -0.073405
92.680000 -0.073997
92.700000 -0.074669
92.720000 -0.075242
92.740000 -0.076008
92.760000 -0.076554
92.780000 -0.077065
92.800000 -0.077654
92.820000 -0.078338
92.840000 -0.078936
92.860000 -0.079460
92.880000 -0.080110
92.900000 -0.080836
92.920000 -0.081565
92.940000 -0.082180
92.960000 -0.082914
92.980000 -0.083657
93.000000 -0.084334
93.020000 -0.085017
93.040000 -0.085671
93.060000 -0.086369
93.080000 -0.087744
93.100000 -0.088273
93.120000 -0.089102
93.140000 -0.089938
93.160000 -0.090899
93.180000 -0.091629
93.200000 -0.092249
93.220000 -0.093098
93.240000 -0.093971
93.260000 -0.094580
93.280000 -0.095317
93.300000 -0.096065
93.320000 -0.096774
93.340000 -0.097415
93.360000 -0.098171
93.380000 -0.098965
93.400000 -0.099655
93.420000 -0.100343
93.440000 -0.101288
93.460000 -0.102122
93.480000 -0.102898
93.500000 -0.103773
93.520000 -0.104586
93.540000 -0.105333
93.560000 -0.106249
93.580000 -0.107036
93.600000 -0.107953
93.620000 -0.108944
93.640000 -0.109717
93.660000 -0.110530
93.680000 -0.111649
93.700000 -0.112617
93.720000 -0.113546
93.740000 -0.114352
93.760000 -0.115264
93.780000 -0.116277
93.800000 -0.117532
93.820000 -0.118645
93.840000 -0.119570
93.860000 -0.120498
93.880000 -0.121386
93.900000 -0.122358
93.920000 -0.123486
93.940000 -0.124513
93.960000 -0.125385
93.980000 -0.126197
94.000000 -0.127273
94.020000 -0.128070
94.040000 -0.129083
94.060000 -0.130141
94.080000 -0.130970
94.100000 -0.132114
94.120000 -0.133377
94.140000 -0.134519
94.160000 -0.135832
94.180000 -0.136980
94.200000 -0.138250
94.220000 -0.139546
94.240000 -0.140719
94.260000 -0.141835
94.280000 -0.142919
94.300000 -0.144036
94.320000 -0.145194
94.340000 -0.146501
94.360000 -0.147540
94.380000 -0.148706
94.400000 -0.149899
94.420000 -0.151011
94.440000 -0.152261
94.460000 -0.153378
94.480000 -0.154573
94.500000 -0.155746
94.520000 -0.156974
94.540000 -0.158345
94.560000 -0.159501
94.580000 -0.160820
94.600000 -0.162151
94.620000 -0.163483
94.640000 -0.164740
94.660000 -0.165801
94.680000 -0.167251
94.700000 -0.168748
94.720000 -0.170258
94.740000 -0.171624
94.760000 -0.173376
94.780000 -0.174855
94.800000 -0.176192
94.820000 -0.177483
94.840000 -0.178935
94.860000 -0.180357
94.880000 -0.181825
94.900000 -0.183306
94.920000 -0.184773
94.940000 -0.186382
94.960000 -0.187879
94.980000 -0.189597
95.000000 -0.191104
95.020000 -0.193020
95.040000 -0.194545
95.060000 -0.196062
95.080000 -0.197544
95.100000 -0.199084
95.120000 -0.200656
95.140000 -0.202307
95.160000 -0.204020
95.180000 -0.205726
95.200000 -0.207639
95.220000 -0.209310
95.240000 -0.211056
95.260000 -0.212678
95.280000 -0.214551
95.300000 -0.216469
95.320000 -0.218325
95.340000 -0.220059
95.360000 -0.221772
95.380000 -0.223579
95.400000 -0.225209
95.420000 -0.226972
95.440000 -0.228906
95.460000 -0.230792
95.480000 -0.232747
95.500000 -0.234802
95.520000 -0.236944
95.540000 -0.238993
95.560000 -0.241131
95.580000 -0.243054
95.600000 -0.245029
95.620000 -0.247176
95.640000 -0.249251
95.660000 -0.251351
95.680000 -0.253553
95.700000 -0.255865
95.720000 -0.258056
95.740000 -0.260286
95.760000 -0.262306
95.780000 -0.264408
95.800000 -0.266613
95.820000 -0.268794
95.840000 -0.270939
95.860000 -0.273051
95.880000 -0.275286
95.900000 -0.277559
95.920000 -0.280173
95.940000 -0.282586
95.960000 -0.285076
95.980000 -0.287833
96.000000 -0.290327
96.020000 -0.292894
96.040000 -0.295546
96.060000 -0.297993
96.080000 -0.300331
96.100000 -0.302730
96.120000 -0.305252
96.140000 -0.308008
96.160000 -0.310704
96.180000 -0.313549
96.200000 -0.316345
96.220000 -0.319324
96.240000 -0.321961
96.260000 -0.324589
96.280000 -0.327259
96.300000 -0.329839
96.320000 -0.332914
96.340000 -0.335707
96.360000 -0.338671
96.380000 -0.341309
96.400000 -0.344320
96.420000 -0.347218
96.440000 -0.350089
96.460000 -0.353026
96.480000 -0.356224
96.500000 -0.359265
96.520000 -0.362138
96.540000 -0.365418
96.560000 -0.368485
96.580000 -0.371480
96.600000 -0.374448
96.620000 -0.377755
96.640000 -0.381209
96.660000 -0.384421
96.680000 -0.387767
96.700000 -0.391221
96.720000 -0.394743
96.740000 -0.398038
96.760000 -0.401438
96.780000 -0.405035
96.800000 -0.408619
96.820000 -0.412476
96.840000 -0.416049
96.860000 -0.419831
96.880000 -0.423748
96.900000 -0.427786
96.920000 -0.431668
96.940000 -0.435747
96.960000 -0.439778
96.980000 -0.443898
97.000000 -0.447884
97.020000 -0.452085
97.040000 -0.456214
97.060000 -0.460450
97.080000 -0.464576
97.100000 -0.468693
97.120000 -0.472823
97.140000 -0.477335
97.160000 -0.482012
97.180000 -0.486476
97.200000 -0.490564
97.220000 -0.495079
97.240000 -0.499877
97.260000 -0.504351
97.280000 -0.509284
97.300000 -0.513523
97.320000 -0.518155
97.340000 -0.523038
97.360000 -0.528321
97.380000 -0.533586
97.400000 -0.538794
97.420000 -0.544022
97.440000 -0.549547
97.460000 -0.555049
97.480000 -0.560801
97.500000 -0.566318
97.520000 -0.571547
97.540000 -0.577475
97.560000 -0.583103
97.580000 -0.589279
97.600000 -0.594979
97.620000 -0.601165
97.640000 -0.606991
97.660000 -0.613353
97.680000 -0.622246
97.700000 -0.627007
97.720000 -0.633879
97.740000 -0.640716
97.760000 -0.647283
97.780000 -0.654373
97.800000 -0.660761
97.820000 -0.668433
97.840000 -0.675660
97.860000 -0.683153
97.880000 -0.690994
97.900000 -0.698400
97.920000 -0.706553
97.940000 -0.714133
97.960000 -0.721949
97.980000 -0.729835
98.000000 -0.737592
98.020000 -0.745525
98.040000 -0.753368
98.060000 -0.761824
98.080000 -0.770047
98.100000 -0.778847
98.120000 -0.787581
98.140000 -0.796586
98.160000 -0.806349
98.180000 -0.815880
98.200000 -0.825705
98.220000 -0.835884
98.240000 -0.845800
98.260000 -0.856044
98.280000 -0.866300
98.300000 -0.877234
98.320000 -0.888172
98.340000 -0.899798
98.360000 -0.911458
98.380000 -0.922932
98.400000 -0.935281
98.420000 -0.947935
98.440000 -0.960553
98.460000 -0.973935
98.480000 -0.987753
98.500000 -1.001893
98.520000 -1.015450
98.540000 -1.029283
98.560000 -1.044092
98.580000 -1.059714
98.600000 -1.075401
98.620000 -1.091767
98.640000 -1.107722
98.660000 -1.124551
98.680000 -1.142118
98.700000 -1.160924
98.720000 -1.179644
98.740000 -1.200445
98.760000 -1.221268
98.780000 -1.242556
98.800000 -1.264214
98.820000 -1.287324
98.840000 -1.309954
98.860000 -1.330726
98.880000 -1.349870
98.900000 -1.367798
98.920000 -1.384166
98.940000 -1.400348
98.960000 -1.416019
98.980000 -1.430997
99.000000 -1.445654
99.020000 -1.460511
99.040000 -1.475030
99.060000 -1.489431
99.080000 -1.504390
99.100000 -1.517987
99.120000 -1.532605
99.140000 -1.547822
99.160000 -1.561930
99.180000 -1.575809
99.200000 -1.590165
99.220000 -1.605215
99.240000 -1.619829
99.260000 -1.633827
99.280000 -1.647991
99.300000 -1.662479
99.320000 -1.676917
99.340000 -1.692709
99.360000 -1.707687
99.380000 -1.722941
99.400000 -1.739232
99.420000 -1.753928
99.440000 -1.769095
99.460000 -1.785260
99.480000 -1.800411
99.500000 -1.817929
99.520000 -1.835075
99.540000 -1.850377
99.560000 -1.864674
99.580000 -1.877895
99.600000 -1.891676
99.620000 -1.904553
99.640000 -1.916516
99.660000 -1.928507
99.680000 -1.941742
99.700000 -1.954196
99.720000 -1.965899
99.740000 -1.977500
99.760000 -1.989151
99.780000 -2.000067
99.800000 -2.011553
99.820000 -2.023425
99.840000 -2.033386
99.860000 -2.043915
99.880000 -2.054849
99.900000 -2.066481
99.920000 -2.076386
99.940000 -2.087354
99.960000 -2.097608
99.980000 -2.108018
100.000000 -2.121040
100.020000 -2.131173
100.040000 -2.140423
100.060000 -2.150560
100.080000 -2.159978
100.100000 -2.170009
100.120000 -2.179392
100.140000 -2.188983
100.160000 -2.197960
100.180000 -2.207249
100.200000 -2.216843
100.220000 -2.226198
100.240000 -2.235607
100.260000 -2.244754
100.280000 -2.253896
100.300000 -2.262892
100.320000 -2.271494
100.340000 -2.279883
100.360000 -2.288847
100.380000 -2.296830
100.400000 -2.305638
100.420000 -2.314154
100.440000 -2.325482
100.460000 -2.333836
100.480000 -2.341835
100.500000 -2.349684
100.520000 -2.356681
100.540000 -2.365159
100.560000 -2.373046
100.580000 -2.379911
100.600000 -2.387568
100.620000 -2.395518
100.640000 -2.402807
100.660000 -2.410155
100.680000 -2.419026
100.700000 -2.423886
100.720000 -2.431651
100.740000 -2.439312
100.760000 -2.446883
100.780000 -2.454733
100.800000 -2.462469
100.820000 -2.469843
100.840000 -2.477900
100.860000 -2.484904
100.880000 -2.492435
100.900000 -2.500287
100.920000 -2.507508
100.940000 -2.515087
100.960000 -2.523087
100.980000 -2.531524
101.000000 -2.539276
101.020000 -2.547323
101.040000 -2.555378
101.060000 -2.564148
101.080000 -2.573023
101.100000 -2.581974
101.120000 -2.591244
101.140000 -2.601179
101.160000 -2.611253
101.180000 -2.621692
101.200000 -2.633072
101.220000 -2.646211
101.240000 -2.659196
101.260000 -2.673456
101.280000 -2.689957
101.300000 -2.707371
101.320000 -2.727101
101.340000 -2.750848
101.360000 -2.777627
101.380000 -2.811566
101.400000 -2.852160
101.420000 -2.902469
101.440000 -2.965770
101.460000 -3.047932
101.480000 -3.158239
101.500000 -3.296564
101.520000 -3.463695
101.540000 -3.598441
101.560000 -3.667854
101.580000 -3.696248
101.600000 -3.704107
101.620000 -3.706857
101.640000 -3.709407
101.660000 -3.711952
101.680000 -3.715005
101.700000 -3.717243
101.720000 -3.719368
101.740000 -3.721888
101.760000 -3.724198
101.780000 -3.726921
101.800000 -3.729667
101.820000 -3.732047
101.840000 -3.734308
101.860000 -3.736782
101.880000 -3.740027
101.900000 -3.742982
101.920000 -3.746194
101.940000 -3.749285
101.960000 -3.752665
101.980000 -3.756541
102.000000 -3.761052
102.020000 -3.767077
102.040000 -3.773057
102.060000 -3.780854
102.080000 -3.789273
102.100000 -3.800284
102.120000 -3.815985
102.140000 -3.836704
102.160000 -3.865028
102.180000 -3.908895
102.200000 -3.979666
102.220000 -4.092303
102.240000 -4.286347
102.260000 -4.638359
