-0.995000 0.004774 0.005332 0.005194 47740 53316 51938
-0.985000 0.004964 0.005367 0.005243 49638 53666 52427
-0.975000 0.004982 0.005341 0.005203 49823 53406 52029
-0.965000 0.004950 0.005342 0.005298 49504 53420 52983
-0.955000 0.004855 0.005336 0.005201 48551 53356 52009
-0.945000 0.004774 0.005350 0.005198 47741 53502 51980
-0.935000 0.004782 0.005303 0.005281 47816 53030 52810
-0.925000 0.004798 0.005334 0.005307 47978 53342 53069
-0.915000 0.004787 0.005274 0.005326 47870 52743 53264
-0.905000 0.004813 0.005266 0.005242 48131 52662 52424
-0.895000 0.004864 0.005307 0.005283 48645 53066 52829
-0.885000 0.004813 0.005340 0.005275 48134 53398 52747
-0.875000 0.004902 0.005305 0.005207 49019 53049 52069
-0.865000 0.004883 0.005340 0.005255 48826 53402 52550
-0.855000 0.004892 0.005290 0.005259 48915 52897 52586
-0.845000 0.004912 0.005284 0.005239 49124 52837 52394
-0.835000 0.004851 0.005256 0.005220 48515 52563 52202
-0.825000 0.004894 0.005277 0.005233 48937 52766 52333
-0.815000 0.004823 0.005198 0.005180 48234 51981 51796
-0.805000 0.004818 0.005250 0.005146 48176 52502 51456
-0.795000 0.004760 0.005287 0.005194 47602 52868 51940
-0.785000 0.004827 0.005305 0.005225 48272 53051 52249
-0.775000 0.004878 0.005286 0.005186 48784 52858 51864
-0.765000 0.004842 0.005278 0.005161 48417 52782 51611
-0.755000 0.004896 0.005229 0.005188 48965 52292 51884
-0.745000 0.004880 0.005214 0.005157 48795 52135 51572
-0.735000 0.004908 0.005215 0.005193 49075 52146 51934
-0.725000 0.004946 0.005184 0.005174 49463 51837 51741
-0.715000 0.004973 0.005216 0.005142 49731 52157 51421
-0.705000 0.004934 0.005216 0.005123 49342 52163 51228
-0.695000 0.004926 0.005230 0.005123 49255 52304 51226
-0.685000 0.004947 0.005152 0.005142 49472 51516 51417
-0.675000 0.004979 0.005174 0.005143 49787 51742 51435
-0.665000 0.005037 0.005179 0.005144 50365 51788 51436
-0.655000 0.005014 0.005165 0.005143 50138 51655 51429
-0.645000 0.004928 0.005133 0.005091 49283 51333 50913
-0.635000 0.004979 0.005177 0.005109 49791 51771 51086
-0.625000 0.004962 0.005145 0.005124 49622 51447 51244
-0.615000 0.004987 0.005113 0.005104 49870 51135 51038
-0.605000 0.005031 0.005095 0.005105 50311 50949 51046
-0.595000 0.005006 0.005060 0.005073 50064 50605 50727
-0.585000 0.004974 0.005097 0.005079 49742 50968 50789
-0.575000 0.004996 0.005089 0.005058 49964 50886 50578
-0.565000 0.004972 0.005055 0.005117 49721 50553 51170
-0.555000 0.005008 0.005134 0.005075 50078 51337 50750
-0.545000 0.005051 0.005091 0.005095 50511 50913 50953
-0.535000 0.005032 0.005044 0.005073 50324 50443 50727
-0.525000 0.004977 0.005126 0.005077 49765 51257 50774
-0.515000 0.004989 0.005185 0.005037 49889 51852 50367
-0.505000 0.004954 0.005156 0.005080 49543 51565 50797
-0.495000 0.004977 0.005148 0.005024 49767 51481 50235
-0.485000 0.004926 0.005228 0.005032 49262 52285 50319
-0.475000 0.004940 0.005146 0.005040 49396 51456 50398
-0.465000 0.004979 0.005176 0.005062 49789 51758 50618
-0.455000 0.004977 0.005190 0.004982 49767 51899 49818
-0.445000 0.004969 0.005125 0.005036 49695 51250 50361
-0.435000 0.004983 0.005175 0.005024 49826 51746 50237
-0.425000 0.004880 0.005153 0.004977 48801 51533 49774
-0.415000 0.004913 0.005140 0.005020 49129 51398 50196
-0.405000 0.004896 0.005131 0.004988 48959 51314 49879
-0.395000 0.004943 0.005147 0.005064 49427 51468 50642
-0.385000 0.004902 0.005138 0.005043 49024 51376 50427
-0.375000 0.004942 0.005110 0.005046 49419 51095 50461
-0.365000 0.004963 0.005141 0.004996 49630 51408 49962
-0.355000 0.004983 0.005098 0.005000 49827 50976 50001
-0.345000 0.004987 0.005130 0.005010 49870 51305 50096
-0.335000 0.004990 0.005122 0.004981 49904 51222 49812
-0.325000 0.004937 0.005140 0.005024 49372 51403 50241
-0.315000 0.004960 0.005074 0.004989 49600 50739 49889
-0.305000 0.004977 0.005092 0.004901 49774 50917 49007
-0.295000 0.004942 0.005085 0.004960 49420 50846 49604
-0.285000 0.004901 0.005074 0.004938 49005 50738 49382
-0.275000 0.004914 0.005064 0.004935 49135 50640 49350
-0.265000 0.004909 0.005079 0.004899 49087 50792 48988
-0.255000 0.004930 0.005099 0.004899 49300 50993 48988
-0.245000 0.004953 0.005073 0.004877 49533 50731 48775
-0.235000 0.004935 0.005118 0.004907 49355 51180 49071
-0.225000 0.004982 0.005078 0.004912 49824 50778 49123
-0.215000 0.004935 0.005073 0.004915 49351 50734 49151
-0.205000 0.004976 0.005079 0.004892 49757 50795 48919
-0.195000 0.004985 0.005074 0.004931 49846 50742 49313
-0.185000 0.005004 0.005099 0.004944 50037 50986 49436
-0.175000 0.005000 0.005136 0.004973 49996 51361 49727
-0.165000 0.004964 0.005100 0.004967 49640 51002 49669
-0.155000 0.004971 0.005099 0.004947 49712 50989 49467
-0.145000 0.004962 0.005090 0.004920 49617 50903 49200
-0.135000 0.004992 0.005108 0.004917 49917 51084 49170
-0.125000 0.004974 0.005086 0.004921 49742 50860 49207
-0.115000 0.005033 0.005097 0.004907 50334 50969 49068
-0.105000 0.005043 0.005067 0.004927 50426 50671 49272
-0.095000 0.005006 0.005038 0.004867 50062 50379 48667
-0.085000 0.005008 0.005105 0.004887 50084 51048 48868
-0.075000 0.005030 0.005079 0.004917 50297 50789 49172
-0.065000 0.005009 0.005028 0.004899 50089 50284 48989
-0.055000 0.005041 0.005065 0.004942 50412 50654 49420
-0.045000 0.004995 0.005033 0.004930 49950 50332 49297
-0.035000 0.004997 0.005030 0.004931 49968 50298 49314
-0.025000 0.005100 0.005037 0.004851 50997 50365 48515
-0.015000 0.004988 0.004980 0.004834 49877 49801 48339
-0.005000 0.005014 0.005021 0.004888 50136 50210 48884
0.005000 0.005046 0.005002 0.004913 50456 50016 49131
0.015000 0.005039 0.004980 0.004927 50387 49805 49267
0.025000 0.005046 0.004942 0.004900 50465 49419 49004
0.035000 0.004975 0.004962 0.004906 49746 49622 49061
0.045000 0.005083 0.004946 0.004896 50830 49457 48958
0.055000 0.005063 0.004983 0.004901 50633 49834 49006
0.065000 0.005070 0.004926 0.004900 50696 49255 49001
0.075000 0.005073 0.004897 0.004900 50735 48971 48995
0.085000 0.005091 0.004910 0.004870 50906 49096 48701
0.095000 0.005096 0.004892 0.004874 50963 48919 48737
0.105000 0.005088 0.004899 0.004899 50884 48988 48994
0.115000 0.005051 0.004903 0.004899 50508 49026 48993
0.125000 0.005057 0.004872 0.004889 50568 48724 48895
0.135000 0.005038 0.004929 0.004879 50378 49291 48785
0.145000 0.005087 0.004873 0.004941 50873 48725 49409
0.155000 0.005118 0.004922 0.004945 51185 49223 49453
0.165000 0.005107 0.004908 0.004890 51068 49078 48897
0.175000 0.005116 0.004880 0.004971 51158 48803 49712
0.185000 0.005180 0.004883 0.004946 51804 48833 49461
0.195000 0.005175 0.004876 0.004944 51748 48765 49443
0.205000 0.005182 0.004893 0.004953 51821 48926 49531
0.215000 0.005129 0.004893 0.004929 51290 48928 49293
0.225000 0.005165 0.004873 0.004958 51648 48733 49583
0.235000 0.005138 0.004861 0.004959 51383 48614 49588
0.245000 0.005182 0.004875 0.004976 51823 48748 49756
0.255000 0.005184 0.004848 0.004956 51837 48477 49562
0.265000 0.005156 0.004826 0.004951 51556 48257 49512
0.275000 0.005169 0.004830 0.004941 51690 48300 49406
0.285000 0.005153 0.004855 0.004936 51530 48555 49365
0.295000 0.005175 0.004837 0.004943 51748 48375 49426
0.305000 0.005121 0.004833 0.004980 51212 48328 49801
0.315000 0.005124 0.004850 0.005019 51239 48496 50187
0.325000 0.005069 0.004828 0.005006 50689 48275 50062
0.335000 0.005135 0.004827 0.005038 51349 48269 50381
0.345000 0.005084 0.004862 0.004990 50842 48618 49901
0.355000 0.005065 0.004825 0.005000 50650 48246 50001
0.365000 0.005084 0.004845 0.004986 50842 48451 49856
0.375000 0.005087 0.004848 0.004992 50866 48484 49921
0.385000 0.005081 0.004909 0.005045 50814 49087 50453
0.395000 0.005071 0.004864 0.005005 50708 48637 50049
0.405000 0.005098 0.004842 0.005004 50977 48423 50036
0.415000 0.005081 0.004872 0.005032 50806 48716 50319
0.425000 0.005133 0.004869 0.005015 51329 48686 50155
0.435000 0.005164 0.004826 0.004999 51640 48261 49990
0.445000 0.005139 0.004856 0.004993 51388 48563 49930
0.455000 0.005125 0.004823 0.004994 51248 48232 49936
0.465000 0.005161 0.004822 0.005053 51608 48216 50535
0.475000 0.005146 0.004820 0.005026 51457 48202 50256
0.485000 0.005148 0.004880 0.004987 51479 48801 49875
0.495000 0.005155 0.004817 0.004995 51548 48174 49951
0.505000 0.005162 0.004882 0.005013 51615 48825 50132
0.515000 0.005129 0.004869 0.004950 51287 48692 49502
0.525000 0.005178 0.004835 0.004959 51779 48350 49592
0.535000 0.005107 0.004829 0.004899 51074 48289 48989
0.545000 0.005121 0.004804 0.004975 51211 48042 49749
0.555000 0.005030 0.004826 0.004939 50297 48256 49388
0.565000 0.005041 0.004810 0.004962 50413 48099 49618
0.575000 0.005070 0.004823 0.004958 50699 48233 49582
0.585000 0.005031 0.004839 0.004930 50309 48389 49299
0.595000 0.005051 0.004844 0.004962 50513 48438 49624
0.605000 0.005040 0.004784 0.004961 50405 47836 49607
0.615000 0.005021 0.004837 0.005016 50213 48370 50162
0.625000 0.005057 0.004835 0.004987 50574 48350 49875
0.635000 0.005034 0.004835 0.005000 50345 48354 49999
0.645000 0.005054 0.004895 0.004976 50541 48951 49763
0.655000 0.005012 0.004887 0.004990 50122 48868 49902
0.665000 0.005029 0.004925 0.004969 50289 49248 49694
0.675000 0.005041 0.004949 0.005019 50411 49488 50185
0.685000 0.005055 0.004956 0.004974 50547 49560 49737
0.695000 0.004997 0.004933 0.004987 49965 49332 49866
0.705000 0.004977 0.004917 0.004980 49770 49175 49803
0.715000 0.004957 0.004938 0.005023 49573 49377 50234
0.725000 0.004992 0.004923 0.004937 49915 49227 49370
0.735000 0.004952 0.004867 0.004889 49516 48667 48893
0.745000 0.004995 0.004924 0.004932 49953 49240 49317
0.755000 0.005055 0.004832 0.004869 50553 48322 48688
0.765000 0.005035 0.004847 0.004924 50354 48474 49238
0.775000 0.005035 0.004827 0.004843 50347 48271 48432
0.785000 0.005062 0.004786 0.004881 50623 47862 48808
0.795000 0.005063 0.004830 0.004852 50631 48297 48524
0.805000 0.005048 0.004831 0.004883 50476 48311 48827
0.815000 0.005030 0.004812 0.004915 50302 48117 49152
0.825000 0.005079 0.004821 0.004955 50794 48206 49550
0.835000 0.005071 0.004768 0.004919 50714 47684 49190
0.845000 0.005030 0.004815 0.004916 50297 48152 49157
0.855000 0.004968 0.004781 0.004886 49680 47814 48863
0.865000 0.004945 0.004774 0.004936 49454 47742 49360
0.875000 0.004961 0.004725 0.004941 49610 47249 49412
0.885000 0.004894 0.004729 0.004938 48940 47290 49380
0.895000 0.004880 0.004668 0.004878 48803 46678 48783
0.905000 0.004937 0.004651 0.004867 49368 46508 48665
0.915000 0.004970 0.004623 0.004832 49704 46233 48316
0.925000 0.004957 0.004636 0.004875 49573 46356 48748
0.935000 0.004895 0.004648 0.004865 48950 46479 48654
0.945000 0.004860 0.004581 0.004839 48604 45810 48386
0.955000 0.004788 0.004643 0.004852 47884 46428 48519
0.965000 0.004788 0.004658 0.004853 47881 46576 48529
0.975000 0.004875 0.004742 0.004812 48754 47424 48119
0.985000 0.004940 0.004703 0.004758 49403 47032 47578
0.995000 0.004955 0.004491 0.004676 49555 44906 46761
